[0,   200] loss: 1.926 
[0,   400] loss: 1.743 
[0,   600] loss: 2.146 
[0,   800] loss: 1.906 
[0,  1000] loss: 1.923 
[0,  1200] loss: 1.770 
[0,  1400] loss: 1.864 
[0,  1600] loss: 1.987 
[0,  1800] loss: 2.239 
[0,  2000] loss: 2.039 
[0,  2200] loss: 2.005 
[0,  2400] loss: 1.903 
[0,  2600] loss: 2.026 
[0,  2800] loss: 2.044 
[0,  3000] loss: 2.055 
[0,  3200] loss: 1.912 
[0,  3400] loss: 2.117 
[0,  3600] loss: 2.154 
[0,  3800] loss: 2.031 
[0,  4000] loss: 2.032 
[0,  4200] loss: 2.047 
[0,  4400] loss: 2.105 
[0,  4600] loss: 2.088 
[0,  4800] loss: 2.212 
[0,  5000] loss: 2.076 
[0,  5200] loss: 1.911 
[0,  5400] loss: 2.094 
[0,  5600] loss: 2.128 
[0,  5800] loss: 2.163 
[0,  6000] loss: 2.097 
[0,  6200] loss: 2.163 
[0,  6400] loss: 2.009 
[0,  6600] loss: 2.006 
[0,  6800] loss: 2.117 
[0,  7000] loss: 1.919 
[0,  7200] loss: 2.120 
[0,  7400] loss: 2.139 
[0,  7600] loss: 1.986 
[0,  7800] loss: 2.248 
[0,  8000] loss: 2.212 
[0,  8200] loss: 2.303 
[0,  8400] loss: 2.179 
[0,  8600] loss: 2.040 
[0,  8800] loss: 2.151 
[0,  9000] loss: 2.061 
[0,  9200] loss: 1.945 
[0,  9400] loss: 2.073 
[0,  9600] loss: 1.941 
[0,  9800] loss: 1.977 
[0, 10000] loss: 2.219 
[0, 10200] loss: 1.964 
[0, 10400] loss: 1.958 
[0, 10600] loss: 2.079 
[0, 10800] loss: 1.995 
[0, 11000] loss: 1.941 
[0, 11200] loss: 2.093 
[0, 11400] loss: 1.874 
[0, 11600] loss: 2.006 
[0, 11800] loss: 2.034 
[0, 12000] loss: 2.240 
[0, 12200] loss: 2.014 
[0, 12400] loss: 2.114 
[0, 12600] loss: 1.935 
[0, 12800] loss: 2.260 
[0, 13000] loss: 1.980 
[0, 13200] loss: 2.136 
[0, 13400] loss: 2.476 
[0, 13600] loss: 1.975 
[0, 13800] loss: 2.054 
[0, 14000] loss: 1.975 
[0, 14200] loss: 2.028 
[0, 14400] loss: 1.945 
[0, 14600] loss: 2.231 
[0, 14800] loss: 2.132 
[0, 15000] loss: 1.985 
[0, 15200] loss: 2.133 
[0, 15400] loss: 2.034 
[0, 15600] loss: 1.924 
[0, 15800] loss: 1.922 
[0, 16000] loss: 1.956 
[0, 16200] loss: 2.228 
[0, 16400] loss: 1.909 
[0, 16600] loss: 1.969 
[0, 16800] loss: 1.884 
[0, 17000] loss: 1.862 
[0, 17200] loss: 1.911 
[0, 17400] loss: 2.114 
[0, 17600] loss: 1.944 
[0, 17800] loss: 2.029 
[0, 18000] loss: 2.055 
[0, 18200] loss: 2.079 
[0, 18400] loss: 1.847 
[0, 18600] loss: 1.803 
[1,   200] loss: 2.037 
[1,   400] loss: 1.879 
[1,   600] loss: 2.132 
[1,   800] loss: 2.098 
[1,  1000] loss: 1.904 
[1,  1200] loss: 2.052 
[1,  1400] loss: 2.132 
[1,  1600] loss: 1.838 
[1,  1800] loss: 2.156 
[1,  2000] loss: 1.945 
[1,  2200] loss: 2.044 
[1,  2400] loss: 1.957 
[1,  2600] loss: 2.100 
[1,  2800] loss: 1.932 
[1,  3000] loss: 1.860 
[1,  3200] loss: 1.992 
[1,  3400] loss: 2.095 
[1,  3600] loss: 2.123 
[1,  3800] loss: 1.843 
[1,  4000] loss: 2.081 
[1,  4200] loss: 1.852 
[1,  4400] loss: 1.872 
[1,  4600] loss: 1.871 
[1,  4800] loss: 1.914 
[1,  5000] loss: 2.053 
[1,  5200] loss: 1.961 
[1,  5400] loss: 2.107 
[1,  5600] loss: 2.008 
[1,  5800] loss: 1.963 
[1,  6000] loss: 2.025 
[1,  6200] loss: 2.067 
[1,  6400] loss: 1.947 
[1,  6600] loss: 1.966 
[1,  6800] loss: 2.045 
[1,  7000] loss: 2.050 
[1,  7200] loss: 1.960 
[1,  7400] loss: 2.029 
[1,  7600] loss: 2.100 
[1,  7800] loss: 2.119 
[1,  8000] loss: 2.036 
[1,  8200] loss: 2.037 
[1,  8400] loss: 2.112 
[1,  8600] loss: 1.986 
[1,  8800] loss: 2.030 
[1,  9000] loss: 2.039 
[1,  9200] loss: 2.212 
[1,  9400] loss: 2.138 
[1,  9600] loss: 1.969 
[1,  9800] loss: 2.018 
[1, 10000] loss: 2.127 
[1, 10200] loss: 2.065 
[1, 10400] loss: 1.964 
[1, 10600] loss: 2.145 
[1, 10800] loss: 1.966 
[1, 11000] loss: 1.973 
[1, 11200] loss: 2.037 
[1, 11400] loss: 2.088 
[1, 11600] loss: 2.062 
[1, 11800] loss: 2.069 
[1, 12000] loss: 2.149 
[1, 12200] loss: 2.369 
[1, 12400] loss: 2.050 
[1, 12600] loss: 1.818 
[1, 12800] loss: 2.185 
[1, 13000] loss: 2.272 
[1, 13200] loss: 2.055 
[1, 13400] loss: 2.134 
[1, 13600] loss: 2.248 
[1, 13800] loss: 2.182 
[1, 14000] loss: 2.057 
[1, 14200] loss: 2.057 
[1, 14400] loss: 2.039 
[1, 14600] loss: 2.040 
[1, 14800] loss: 2.181 
[1, 15000] loss: 2.067 
[1, 15200] loss: 2.133 
[1, 15400] loss: 1.908 
[1, 15600] loss: 2.035 
[1, 15800] loss: 2.121 
[1, 16000] loss: 2.137 
[1, 16200] loss: 2.129 
[1, 16400] loss: 2.023 
[1, 16600] loss: 2.119 
[1, 16800] loss: 1.976 
[1, 17000] loss: 1.927 
[1, 17200] loss: 1.996 
[1, 17400] loss: 1.822 
[1, 17600] loss: 1.904 
[1, 17800] loss: 2.178 
[1, 18000] loss: 2.048 
[1, 18200] loss: 2.043 
[1, 18400] loss: 2.060 
[1, 18600] loss: 1.989 
[2,   200] loss: 1.910 
[2,   400] loss: 1.990 
[2,   600] loss: 1.882 
[2,   800] loss: 2.076 
[2,  1000] loss: 1.984 
[2,  1200] loss: 2.080 
[2,  1400] loss: 2.308 
[2,  1600] loss: 2.080 
[2,  1800] loss: 1.854 
[2,  2000] loss: 1.997 
[2,  2200] loss: 1.967 
[2,  2400] loss: 2.129 
[2,  2600] loss: 1.990 
[2,  2800] loss: 2.075 
[2,  3000] loss: 2.039 
[2,  3200] loss: 2.143 
[2,  3400] loss: 2.110 
[2,  3600] loss: 1.980 
[2,  3800] loss: 2.183 
[2,  4000] loss: 1.980 
[2,  4200] loss: 2.183 
[2,  4400] loss: 2.273 
[2,  4600] loss: 2.082 
[2,  4800] loss: 1.976 
[2,  5000] loss: 1.941 
[2,  5200] loss: 1.997 
[2,  5400] loss: 1.964 
[2,  5600] loss: 2.135 
[2,  5800] loss: 2.130 
[2,  6000] loss: 2.078 
[2,  6200] loss: 1.916 
[2,  6400] loss: 2.197 
[2,  6600] loss: 2.191 
[2,  6800] loss: 2.059 
[2,  7000] loss: 2.071 
[2,  7200] loss: 1.958 
[2,  7400] loss: 2.072 
[2,  7600] loss: 2.070 
[2,  7800] loss: 1.937 
[2,  8000] loss: 2.005 
[2,  8200] loss: 2.096 
[2,  8400] loss: 2.003 
[2,  8600] loss: 2.016 
[2,  8800] loss: 2.096 
[2,  9000] loss: 2.014 
[2,  9200] loss: 2.137 
[2,  9400] loss: 1.989 
[2,  9600] loss: 2.106 
[2,  9800] loss: 2.235 
[2, 10000] loss: 2.203 
[2, 10200] loss: 1.987 
[2, 10400] loss: 1.999 
[2, 10600] loss: 1.937 
[2, 10800] loss: 1.951 
[2, 11000] loss: 1.904 
[2, 11200] loss: 2.102 
[2, 11400] loss: 2.103 
[2, 11600] loss: 2.127 
[2, 11800] loss: 2.010 
[2, 12000] loss: 2.063 
[2, 12200] loss: 2.071 
[2, 12400] loss: 1.882 
[2, 12600] loss: 1.966 
[2, 12800] loss: 1.928 
[2, 13000] loss: 2.008 
[2, 13200] loss: 2.118 
[2, 13400] loss: 2.109 
[2, 13600] loss: 2.038 
[2, 13800] loss: 2.079 
[2, 14000] loss: 2.174 
[2, 14200] loss: 2.081 
[2, 14400] loss: 2.108 
[2, 14600] loss: 2.194 
[2, 14800] loss: 2.059 
[2, 15000] loss: 1.875 
[2, 15200] loss: 2.061 
[2, 15400] loss: 2.025 
[2, 15600] loss: 1.968 
[2, 15800] loss: 2.103 
[2, 16000] loss: 2.026 
[2, 16200] loss: 2.231 
[2, 16400] loss: 1.955 
[2, 16600] loss: 2.034 
[2, 16800] loss: 2.094 
[2, 17000] loss: 2.113 
[2, 17200] loss: 1.926 
[2, 17400] loss: 1.952 
[2, 17600] loss: 1.934 
[2, 17800] loss: 2.199 
[2, 18000] loss: 2.038 
[2, 18200] loss: 2.088 
[2, 18400] loss: 1.999 
[2, 18600] loss: 2.156 
[3,   200] loss: 2.073 
[3,   400] loss: 2.012 
[3,   600] loss: 2.210 
[3,   800] loss: 2.212 
[3,  1000] loss: 2.040 
[3,  1200] loss: 2.162 
[3,  1400] loss: 2.012 
[3,  1600] loss: 2.153 
[3,  1800] loss: 2.023 
[3,  2000] loss: 1.995 
[3,  2200] loss: 1.987 
[3,  2400] loss: 2.211 
[3,  2600] loss: 1.993 
[3,  2800] loss: 1.973 
[3,  3000] loss: 2.035 
[3,  3200] loss: 2.152 
[3,  3400] loss: 2.055 
[3,  3600] loss: 1.989 
[3,  3800] loss: 2.071 
[3,  4000] loss: 2.018 
[3,  4200] loss: 1.982 
[3,  4400] loss: 2.187 
[3,  4600] loss: 2.250 
[3,  4800] loss: 2.054 
[3,  5000] loss: 2.203 
[3,  5200] loss: 2.111 
[3,  5400] loss: 2.129 
[3,  5600] loss: 1.998 
[3,  5800] loss: 2.061 
[3,  6000] loss: 2.093 
[3,  6200] loss: 2.080 
[3,  6400] loss: 2.207 
[3,  6600] loss: 2.117 
[3,  6800] loss: 2.260 
[3,  7000] loss: 2.103 
[3,  7200] loss: 2.031 
[3,  7400] loss: 2.168 
[3,  7600] loss: 2.107 
[3,  7800] loss: 1.989 
[3,  8000] loss: 2.012 
[3,  8200] loss: 2.129 
[3,  8400] loss: 2.159 
[3,  8600] loss: 2.116 
[3,  8800] loss: 2.211 
[3,  9000] loss: 2.276 
[3,  9200] loss: 2.249 
[3,  9400] loss: 2.187 
[3,  9600] loss: 2.254 
[3,  9800] loss: 2.208 
[3, 10000] loss: 2.083 
[3, 10200] loss: 2.004 
[3, 10400] loss: 2.069 
[3, 10600] loss: 2.220 
[3, 10800] loss: 2.010 
[3, 11000] loss: 2.045 
[3, 11200] loss: 2.001 
[3, 11400] loss: 2.131 
[3, 11600] loss: 2.178 
[3, 11800] loss: 2.091 
[3, 12000] loss: 2.055 
[3, 12200] loss: 2.100 
[3, 12400] loss: 1.989 
[3, 12600] loss: 2.092 
[3, 12800] loss: 2.008 
[3, 13000] loss: 1.955 
[3, 13200] loss: 2.078 
[3, 13400] loss: 1.974 
[3, 13600] loss: 2.129 
[3, 13800] loss: 2.019 
[3, 14000] loss: 2.007 
[3, 14200] loss: 2.058 
[3, 14400] loss: 2.062 
[3, 14600] loss: 2.031 
[3, 14800] loss: 2.073 
[3, 15000] loss: 2.111 
[3, 15200] loss: 2.011 
[3, 15400] loss: 2.102 
[3, 15600] loss: 1.986 
[3, 15800] loss: 2.130 
[3, 16000] loss: 2.200 
[3, 16200] loss: 2.134 
[3, 16400] loss: 2.071 
[3, 16600] loss: 2.174 
[3, 16800] loss: 2.201 
[3, 17000] loss: 1.999 
[3, 17200] loss: 2.077 
[3, 17400] loss: 2.143 
[3, 17600] loss: 2.262 
[3, 17800] loss: 1.901 
[3, 18000] loss: 2.184 
[3, 18200] loss: 2.095 
[3, 18400] loss: 2.067 
[3, 18600] loss: 2.238 
[4,   200] loss: 1.991 
[4,   400] loss: 2.222 
[4,   600] loss: 2.296 
[4,   800] loss: 2.150 
[4,  1000] loss: 2.162 
[4,  1200] loss: 2.094 
[4,  1400] loss: 2.094 
[4,  1600] loss: 1.984 
[4,  1800] loss: 1.994 
[4,  2000] loss: 1.898 
[4,  2200] loss: 2.003 
[4,  2400] loss: 2.135 
[4,  2600] loss: 1.983 
[4,  2800] loss: 2.108 
[4,  3000] loss: 1.970 
[4,  3200] loss: 2.111 
[4,  3400] loss: 2.003 
[4,  3600] loss: 2.116 
[4,  3800] loss: 2.094 
[4,  4000] loss: 2.281 
[4,  4200] loss: 2.010 
[4,  4400] loss: 1.988 
[4,  4600] loss: 2.085 
[4,  4800] loss: 2.209 
[4,  5000] loss: 2.137 
[4,  5200] loss: 2.052 
[4,  5400] loss: 2.185 
[4,  5600] loss: 1.883 
[4,  5800] loss: 1.972 
[4,  6000] loss: 2.230 
[4,  6200] loss: 2.219 
[4,  6400] loss: 1.885 
[4,  6600] loss: 1.949 
[4,  6800] loss: 2.201 
[4,  7000] loss: 2.038 
[4,  7200] loss: 2.040 
[4,  7400] loss: 1.992 
[4,  7600] loss: 2.004 
[4,  7800] loss: 1.930 
[4,  8000] loss: 2.006 
[4,  8200] loss: 1.921 
[4,  8400] loss: 2.097 
[4,  8600] loss: 2.123 
[4,  8800] loss: 1.978 
[4,  9000] loss: 1.997 
[4,  9200] loss: 1.867 
[4,  9400] loss: 2.008 
[4,  9600] loss: 2.041 
[4,  9800] loss: 2.291 
[4, 10000] loss: 2.298 
[4, 10200] loss: 2.219 
[4, 10400] loss: 2.304 
[4, 10600] loss: 2.280 
[4, 10800] loss: 2.173 
[4, 11000] loss: 2.285 
[4, 11200] loss: 2.317 
[4, 11400] loss: 2.209 
[4, 11600] loss: 2.222 
[4, 11800] loss: 2.268 
[4, 12000] loss: 2.267 
[4, 12200] loss: 2.318 
[4, 12400] loss: 2.264 
[4, 12600] loss: 2.128 
[4, 12800] loss: 2.064 
[4, 13000] loss: 2.146 
[4, 13200] loss: 1.904 
[4, 13400] loss: 1.991 
[4, 13600] loss: 2.115 
[4, 13800] loss: 2.192 
[4, 14000] loss: 2.182 
[4, 14200] loss: 2.173 
[4, 14400] loss: 2.289 
[4, 14600] loss: 2.004 
[4, 14800] loss: 2.153 
[4, 15000] loss: 1.990 
[4, 15200] loss: 2.183 
[4, 15400] loss: 2.055 
[4, 15600] loss: 2.223 
[4, 15800] loss: 2.070 
[4, 16000] loss: 2.001 
[4, 16200] loss: 2.094 
[4, 16400] loss: 2.006 
[4, 16600] loss: 2.072 
[4, 16800] loss: 2.061 
[4, 17000] loss: 2.105 
[4, 17200] loss: 2.133 
[4, 17400] loss: 1.974 
[4, 17600] loss: 2.096 
[4, 17800] loss: 2.250 
[4, 18000] loss: 2.079 
[4, 18200] loss: 2.044 
[4, 18400] loss: 2.154 
[4, 18600] loss: 2.212 
[5,   200] loss: 1.937 
[5,   400] loss: 2.104 
[5,   600] loss: 2.029 
[5,   800] loss: 2.077 
[5,  1000] loss: 2.070 
[5,  1200] loss: 1.941 
[5,  1400] loss: 1.938 
[5,  1600] loss: 2.050 
[5,  1800] loss: 2.173 
[5,  2000] loss: 2.067 
[5,  2200] loss: 1.989 
[5,  2400] loss: 2.122 
[5,  2600] loss: 2.046 
[5,  2800] loss: 1.980 
[5,  3000] loss: 2.101 
[5,  3200] loss: 2.017 
[5,  3400] loss: 1.999 
[5,  3600] loss: 2.348 
[5,  3800] loss: 2.030 
[5,  4000] loss: 2.086 
[5,  4200] loss: 2.103 
[5,  4400] loss: 1.969 
[5,  4600] loss: 1.976 
[5,  4800] loss: 2.090 
[5,  5000] loss: 2.021 
[5,  5200] loss: 2.141 
[5,  5400] loss: 2.037 
[5,  5600] loss: 2.018 
[5,  5800] loss: 1.981 
[5,  6000] loss: 1.933 
[5,  6200] loss: 2.003 
[5,  6400] loss: 2.070 
[5,  6600] loss: 2.025 
[5,  6800] loss: 1.941 
[5,  7000] loss: 2.100 
[5,  7200] loss: 2.068 
[5,  7400] loss: 2.058 
[5,  7600] loss: 1.969 
[5,  7800] loss: 2.023 
[5,  8000] loss: 2.037 
[5,  8200] loss: 2.080 
[5,  8400] loss: 1.920 
[5,  8600] loss: 2.066 
[5,  8800] loss: 2.302 
[5,  9000] loss: 2.108 
[5,  9200] loss: 2.006 
[5,  9400] loss: 1.923 
[5,  9600] loss: 2.003 
[5,  9800] loss: 2.248 
[5, 10000] loss: 1.937 
[5, 10200] loss: 2.110 
[5, 10400] loss: 1.944 
[5, 10600] loss: 2.046 
[5, 10800] loss: 2.161 
[5, 11000] loss: 2.085 
[5, 11200] loss: 2.031 
[5, 11400] loss: 2.121 
[5, 11600] loss: 2.044 
[5, 11800] loss: 1.937 
[5, 12000] loss: 2.129 
[5, 12200] loss: 2.089 
[5, 12400] loss: 2.130 
[5, 12600] loss: 2.023 
[5, 12800] loss: 1.946 
[5, 13000] loss: 1.973 
[5, 13200] loss: 2.064 
[5, 13400] loss: 2.076 
[5, 13600] loss: 1.980 
[5, 13800] loss: 1.992 
[5, 14000] loss: 2.017 
[5, 14200] loss: 1.991 
[5, 14400] loss: 2.350 
[5, 14600] loss: 2.045 
[5, 14800] loss: 2.043 
[5, 15000] loss: 2.164 
[5, 15200] loss: 2.157 
[5, 15400] loss: 1.886 
[5, 15600] loss: 2.011 
[5, 15800] loss: 2.024 
[5, 16000] loss: 2.105 
[5, 16200] loss: 2.070 
[5, 16400] loss: 1.959 
[5, 16600] loss: 2.069 
[5, 16800] loss: 2.181 
[5, 17000] loss: 2.027 
[5, 17200] loss: 2.095 
[5, 17400] loss: 2.021 
[5, 17600] loss: 2.027 
[5, 17800] loss: 1.915 
[5, 18000] loss: 2.270 
[5, 18200] loss: 2.224 
[5, 18400] loss: 2.076 
[5, 18600] loss: 1.961 
[6,   200] loss: 2.052 
[6,   400] loss: 2.263 
[6,   600] loss: 1.881 
[6,   800] loss: 2.265 
[6,  1000] loss: 1.983 
[6,  1200] loss: 2.125 
[6,  1400] loss: 2.067 
[6,  1600] loss: 2.050 
[6,  1800] loss: 1.961 
[6,  2000] loss: 2.068 
[6,  2200] loss: 1.956 
[6,  2400] loss: 2.095 
[6,  2600] loss: 2.165 
[6,  2800] loss: 1.954 
[6,  3000] loss: 1.814 
[6,  3200] loss: 2.098 
[6,  3400] loss: 1.865 
[6,  3600] loss: 2.006 
[6,  3800] loss: 2.071 
[6,  4000] loss: 2.145 
[6,  4200] loss: 2.021 
[6,  4400] loss: 2.027 
[6,  4600] loss: 2.009 
[6,  4800] loss: 1.965 
[6,  5000] loss: 2.067 
[6,  5200] loss: 1.978 
[6,  5400] loss: 2.106 
[6,  5600] loss: 1.920 
[6,  5800] loss: 2.041 
[6,  6000] loss: 1.975 
[6,  6200] loss: 1.931 
[6,  6400] loss: 2.026 
[6,  6600] loss: 1.944 
[6,  6800] loss: 2.023 
[6,  7000] loss: 1.991 
[6,  7200] loss: 2.130 
[6,  7400] loss: 2.111 
[6,  7600] loss: 2.103 
[6,  7800] loss: 1.974 
[6,  8000] loss: 2.114 
[6,  8200] loss: 1.945 
[6,  8400] loss: 2.061 
[6,  8600] loss: 1.931 
[6,  8800] loss: 1.917 
[6,  9000] loss: 2.036 
[6,  9200] loss: 2.057 
[6,  9400] loss: 1.903 
[6,  9600] loss: 2.013 
[6,  9800] loss: 1.967 
[6, 10000] loss: 2.176 
[6, 10200] loss: 1.995 
[6, 10400] loss: 2.105 
[6, 10600] loss: 2.112 
[6, 10800] loss: 1.939 
[6, 11000] loss: 2.193 
[6, 11200] loss: 2.143 
[6, 11400] loss: 1.969 
[6, 11600] loss: 1.975 
[6, 11800] loss: 2.016 
[6, 12000] loss: 1.998 
[6, 12200] loss: 2.005 
[6, 12400] loss: 2.136 
[6, 12600] loss: 1.931 
[6, 12800] loss: 2.033 
[6, 13000] loss: 2.032 
[6, 13200] loss: 2.007 
[6, 13400] loss: 1.866 
[6, 13600] loss: 1.993 
[6, 13800] loss: 1.948 
[6, 14000] loss: 2.044 
[6, 14200] loss: 2.082 
[6, 14400] loss: 2.059 
[6, 14600] loss: 1.855 
[6, 14800] loss: 2.176 
[6, 15000] loss: 1.905 
[6, 15200] loss: 2.193 
[6, 15400] loss: 2.040 
[6, 15600] loss: 1.947 
[6, 15800] loss: 2.055 
[6, 16000] loss: 2.140 
[6, 16200] loss: 2.086 
[6, 16400] loss: 2.016 
[6, 16600] loss: 2.070 
[6, 16800] loss: 2.009 
[6, 17000] loss: 2.092 
[6, 17200] loss: 2.045 
[6, 17400] loss: 2.018 
[6, 17600] loss: 2.100 
[6, 17800] loss: 2.095 
[6, 18000] loss: 2.077 
[6, 18200] loss: 2.103 
[6, 18400] loss: 2.135 
[6, 18600] loss: 1.864 
[7,   200] loss: 2.361 
[7,   400] loss: 1.842 
[7,   600] loss: 2.038 
[7,   800] loss: 2.071 
[7,  1000] loss: 2.089 
[7,  1200] loss: 1.981 
[7,  1400] loss: 2.070 
[7,  1600] loss: 1.893 
[7,  1800] loss: 2.085 
[7,  2000] loss: 2.249 
[7,  2200] loss: 1.938 
[7,  2400] loss: 1.901 
[7,  2600] loss: 2.149 
[7,  2800] loss: 2.017 
[7,  3000] loss: 2.043 
[7,  3200] loss: 2.102 
[7,  3400] loss: 2.097 
[7,  3600] loss: 2.026 
[7,  3800] loss: 2.044 
[7,  4000] loss: 1.999 
[7,  4200] loss: 2.112 
[7,  4400] loss: 2.030 
[7,  4600] loss: 2.087 
[7,  4800] loss: 2.089 
[7,  5000] loss: 1.905 
[7,  5200] loss: 1.924 
[7,  5400] loss: 1.919 
[7,  5600] loss: 1.971 
[7,  5800] loss: 2.050 
[7,  6000] loss: 1.922 
[7,  6200] loss: 2.050 
[7,  6400] loss: 2.102 
[7,  6600] loss: 2.003 
[7,  6800] loss: 1.961 
[7,  7000] loss: 1.895 
[7,  7200] loss: 1.944 
[7,  7400] loss: 1.940 
[7,  7600] loss: 1.940 
[7,  7800] loss: 1.909 
[7,  8000] loss: 2.359 
[7,  8200] loss: 2.244 
[7,  8400] loss: 2.020 
[7,  8600] loss: 2.174 
[7,  8800] loss: 2.036 
[7,  9000] loss: 2.134 
[7,  9200] loss: 1.983 
[7,  9400] loss: 2.185 
[7,  9600] loss: 1.942 
[7,  9800] loss: 2.082 
[7, 10000] loss: 1.906 
[7, 10200] loss: 1.993 
[7, 10400] loss: 2.175 
[7, 10600] loss: 2.011 
[7, 10800] loss: 2.004 
[7, 11000] loss: 1.999 
[7, 11200] loss: 1.834 
[7, 11400] loss: 2.104 
[7, 11600] loss: 2.009 
[7, 11800] loss: 2.054 
[7, 12000] loss: 2.063 
[7, 12200] loss: 2.126 
[7, 12400] loss: 2.021 
[7, 12600] loss: 2.124 
[7, 12800] loss: 1.850 
[7, 13000] loss: 2.217 
[7, 13200] loss: 1.927 
[7, 13400] loss: 1.924 
[7, 13600] loss: 2.111 
[7, 13800] loss: 2.084 
[7, 14000] loss: 2.085 
[7, 14200] loss: 1.995 
[7, 14400] loss: 2.016 
[7, 14600] loss: 1.967 
[7, 14800] loss: 1.965 
[7, 15000] loss: 2.106 
[7, 15200] loss: 2.182 
[7, 15400] loss: 2.083 
[7, 15600] loss: 2.138 
[7, 15800] loss: 2.022 
[7, 16000] loss: 1.966 
[7, 16200] loss: 1.934 
[7, 16400] loss: 1.985 
[7, 16600] loss: 2.309 
[7, 16800] loss: 1.947 
[7, 17000] loss: 2.008 
[7, 17200] loss: 2.144 
[7, 17400] loss: 2.250 
[7, 17600] loss: 2.033 
[7, 17800] loss: 1.895 
[7, 18000] loss: 1.969 
[7, 18200] loss: 1.998 
[7, 18400] loss: 2.061 
[7, 18600] loss: 1.944 
[8,   200] loss: 2.034 
[8,   400] loss: 1.977 
[8,   600] loss: 1.956 
[8,   800] loss: 2.130 
[8,  1000] loss: 1.835 
[8,  1200] loss: 2.038 
[8,  1400] loss: 2.180 
[8,  1600] loss: 1.966 
[8,  1800] loss: 2.093 
[8,  2000] loss: 2.019 
[8,  2200] loss: 2.024 
[8,  2400] loss: 2.065 
[8,  2600] loss: 1.940 
[8,  2800] loss: 1.969 
[8,  3000] loss: 2.030 
[8,  3200] loss: 1.910 
[8,  3400] loss: 2.054 
[8,  3600] loss: 2.100 
[8,  3800] loss: 2.069 
[8,  4000] loss: 2.063 
[8,  4200] loss: 2.189 
[8,  4400] loss: 2.177 
[8,  4600] loss: 2.016 
[8,  4800] loss: 1.936 
[8,  5000] loss: 1.946 
[8,  5200] loss: 2.083 
[8,  5400] loss: 2.199 
[8,  5600] loss: 1.841 
[8,  5800] loss: 1.958 
[8,  6000] loss: 2.180 
[8,  6200] loss: 2.050 
[8,  6400] loss: 1.992 
[8,  6600] loss: 2.089 
[8,  6800] loss: 1.910 
[8,  7000] loss: 1.924 
[8,  7200] loss: 2.020 
[8,  7400] loss: 1.972 
[8,  7600] loss: 1.997 
[8,  7800] loss: 2.152 
[8,  8000] loss: 1.936 
[8,  8200] loss: 1.975 
[8,  8400] loss: 2.107 
[8,  8600] loss: 2.145 
[8,  8800] loss: 1.998 
[8,  9000] loss: 2.017 
[8,  9200] loss: 1.946 
[8,  9400] loss: 2.065 
[8,  9600] loss: 2.136 
[8,  9800] loss: 2.206 
[8, 10000] loss: 2.127 
[8, 10200] loss: 2.103 
[8, 10400] loss: 2.205 
[8, 10600] loss: 1.832 
[8, 10800] loss: 1.982 
[8, 11000] loss: 2.049 
[8, 11200] loss: 2.151 
[8, 11400] loss: 2.056 
[8, 11600] loss: 2.167 
[8, 11800] loss: 2.306 
[8, 12000] loss: 1.946 
[8, 12200] loss: 1.928 
[8, 12400] loss: 2.158 
[8, 12600] loss: 1.940 
[8, 12800] loss: 1.977 
[8, 13000] loss: 2.154 
[8, 13200] loss: 1.900 
[8, 13400] loss: 2.115 
[8, 13600] loss: 2.084 
[8, 13800] loss: 1.999 
[8, 14000] loss: 2.006 
[8, 14200] loss: 1.976 
[8, 14400] loss: 1.982 
[8, 14600] loss: 2.010 
[8, 14800] loss: 1.833 
[8, 15000] loss: 1.949 
[8, 15200] loss: 1.941 
[8, 15400] loss: 2.070 
[8, 15600] loss: 1.985 
[8, 15800] loss: 1.938 
[8, 16000] loss: 1.837 
[8, 16200] loss: 2.067 
[8, 16400] loss: 2.240 
[8, 16600] loss: 1.955 
[8, 16800] loss: 2.067 
[8, 17000] loss: 2.059 
[8, 17200] loss: 2.050 
[8, 17400] loss: 1.887 
[8, 17600] loss: 2.101 
[8, 17800] loss: 2.101 
[8, 18000] loss: 2.293 
[8, 18200] loss: 2.156 
[8, 18400] loss: 1.967 
[8, 18600] loss: 2.148 
[9,   200] loss: 1.937 
[9,   400] loss: 2.106 
[9,   600] loss: 2.043 
[9,   800] loss: 2.160 
[9,  1000] loss: 2.083 
[9,  1200] loss: 2.025 
[9,  1400] loss: 2.056 
[9,  1600] loss: 2.089 
[9,  1800] loss: 2.185 
[9,  2000] loss: 1.930 
[9,  2200] loss: 2.033 
[9,  2400] loss: 1.905 
[9,  2600] loss: 2.100 
[9,  2800] loss: 1.896 
[9,  3000] loss: 2.072 
[9,  3200] loss: 2.049 
[9,  3400] loss: 2.168 
[9,  3600] loss: 2.057 
[9,  3800] loss: 2.238 
[9,  4000] loss: 2.321 
[9,  4200] loss: 1.971 
[9,  4400] loss: 2.092 
[9,  4600] loss: 2.122 
[9,  4800] loss: 1.909 
[9,  5000] loss: 2.043 
[9,  5200] loss: 1.930 
[9,  5400] loss: 2.042 
[9,  5600] loss: 1.937 
[9,  5800] loss: 1.992 
[9,  6000] loss: 2.074 
[9,  6200] loss: 2.142 
[9,  6400] loss: 2.091 
[9,  6600] loss: 2.021 
[9,  6800] loss: 1.930 
[9,  7000] loss: 2.142 
[9,  7200] loss: 2.000 
[9,  7400] loss: 2.049 
[9,  7600] loss: 1.910 
[9,  7800] loss: 1.886 
[9,  8000] loss: 2.152 
[9,  8200] loss: 1.784 
[9,  8400] loss: 2.070 
[9,  8600] loss: 2.191 
[9,  8800] loss: 2.169 
[9,  9000] loss: 1.853 
[9,  9200] loss: 1.839 
[9,  9400] loss: 1.965 
[9,  9600] loss: 2.103 
[9,  9800] loss: 1.985 
[9, 10000] loss: 2.062 
[9, 10200] loss: 1.903 
[9, 10400] loss: 1.962 
[9, 10600] loss: 2.151 
[9, 10800] loss: 2.192 
[9, 11000] loss: 1.867 
[9, 11200] loss: 1.873 
[9, 11400] loss: 1.976 
[9, 11600] loss: 2.185 
[9, 11800] loss: 1.870 
[9, 12000] loss: 2.081 
[9, 12200] loss: 1.894 
[9, 12400] loss: 1.977 
[9, 12600] loss: 2.107 
[9, 12800] loss: 1.980 
[9, 13000] loss: 2.267 
[9, 13200] loss: 2.135 
[9, 13400] loss: 1.880 
[9, 13600] loss: 1.786 
[9, 13800] loss: 1.932 
[9, 14000] loss: 1.986 
[9, 14200] loss: 2.130 
[9, 14400] loss: 2.141 
[9, 14600] loss: 1.979 
[9, 14800] loss: 2.137 
[9, 15000] loss: 1.936 
[9, 15200] loss: 1.981 
[9, 15400] loss: 2.378 
[9, 15600] loss: 1.912 
[9, 15800] loss: 1.939 
[9, 16000] loss: 2.091 
[9, 16200] loss: 2.116 
[9, 16400] loss: 2.040 
[9, 16600] loss: 2.005 
[9, 16800] loss: 1.907 
[9, 17000] loss: 2.305 
[9, 17200] loss: 1.985 
[9, 17400] loss: 2.090 
[9, 17600] loss: 2.128 
[9, 17800] loss: 2.045 
[9, 18000] loss: 1.938 
[9, 18200] loss: 2.006 
[9, 18400] loss: 1.920 
[9, 18600] loss: 2.012 
[10,   200] loss: 1.962 
[10,   400] loss: 1.979 
[10,   600] loss: 1.936 
[10,   800] loss: 2.037 
[10,  1000] loss: 2.045 
[10,  1200] loss: 2.031 
[10,  1400] loss: 1.937 
[10,  1600] loss: 2.104 
[10,  1800] loss: 1.943 
[10,  2000] loss: 2.303 
[10,  2200] loss: 2.024 
[10,  2400] loss: 1.971 
[10,  2600] loss: 2.061 
[10,  2800] loss: 1.958 
[10,  3000] loss: 2.099 
[10,  3200] loss: 2.034 
[10,  3400] loss: 2.094 
[10,  3600] loss: 1.971 
[10,  3800] loss: 2.095 
[10,  4000] loss: 2.098 
[10,  4200] loss: 1.953 
[10,  4400] loss: 1.949 
[10,  4600] loss: 2.100 
[10,  4800] loss: 2.208 
[10,  5000] loss: 2.135 
[10,  5200] loss: 2.027 
[10,  5400] loss: 2.258 
[10,  5600] loss: 2.141 
[10,  5800] loss: 1.953 
[10,  6000] loss: 2.291 
[10,  6200] loss: 2.061 
[10,  6400] loss: 2.098 
[10,  6600] loss: 2.152 
[10,  6800] loss: 1.969 
[10,  7000] loss: 1.946 
[10,  7200] loss: 2.199 
[10,  7400] loss: 1.916 
[10,  7600] loss: 2.043 
[10,  7800] loss: 2.044 
[10,  8000] loss: 2.128 
[10,  8200] loss: 1.992 
[10,  8400] loss: 1.949 
[10,  8600] loss: 1.960 
[10,  8800] loss: 1.980 
[10,  9000] loss: 1.985 
[10,  9200] loss: 1.888 
[10,  9400] loss: 2.045 
[10,  9600] loss: 2.301 
[10,  9800] loss: 1.995 
[10, 10000] loss: 2.087 
[10, 10200] loss: 1.963 
[10, 10400] loss: 2.123 
[10, 10600] loss: 2.206 
[10, 10800] loss: 2.030 
[10, 11000] loss: 2.145 
[10, 11200] loss: 1.944 
[10, 11400] loss: 2.290 
[10, 11600] loss: 2.184 
[10, 11800] loss: 2.106 
[10, 12000] loss: 2.017 
[10, 12200] loss: 2.126 
[10, 12400] loss: 1.739 
[10, 12600] loss: 2.000 
[10, 12800] loss: 1.971 
[10, 13000] loss: 2.058 
[10, 13200] loss: 2.017 
[10, 13400] loss: 1.980 
[10, 13600] loss: 1.991 
[10, 13800] loss: 2.029 
[10, 14000] loss: 2.311 
[10, 14200] loss: 2.352 
[10, 14400] loss: 2.038 
[10, 14600] loss: 2.086 
[10, 14800] loss: 1.988 
[10, 15000] loss: 2.006 
[10, 15200] loss: 2.119 
[10, 15400] loss: 1.934 
[10, 15600] loss: 2.019 
[10, 15800] loss: 2.150 
[10, 16000] loss: 2.085 
[10, 16200] loss: 2.075 
[10, 16400] loss: 2.004 
[10, 16600] loss: 2.039 
[10, 16800] loss: 2.120 
[10, 17000] loss: 2.071 
[10, 17200] loss: 2.182 
[10, 17400] loss: 1.980 
[10, 17600] loss: 1.986 
[10, 17800] loss: 2.065 
[10, 18000] loss: 1.842 
[10, 18200] loss: 1.929 
[10, 18400] loss: 2.070 
[10, 18600] loss: 1.961 
