[0,   200] loss: 1.379 
[0,   400] loss: 1.319 
[0,   600] loss: 0.496 
[0,   800] loss: 0.811 
[0,  1000] loss: 1.126 
[0,  1200] loss: 0.412 
[0,  1400] loss: 0.656 
[0,  1600] loss: 0.501 
[0,  1800] loss: 0.912 
[0,  2000] loss: 0.547 
[0,  2200] loss: 0.818 
[0,  2400] loss: 0.697 
[0,  2600] loss: 0.633 
[0,  2800] loss: 0.307 
[0,  3000] loss: 0.280 
[0,  3200] loss: 0.402 
[0,  3400] loss: 0.780 
[0,  3600] loss: 0.522 
[0,  3800] loss: 0.258 
[0,  4000] loss: 0.346 
[0,  4200] loss: 0.216 
[0,  4400] loss: 0.642 
[0,  4600] loss: 0.463 
[0,  4800] loss: 0.544 
[0,  5000] loss: 0.292 
[0,  5200] loss: 0.398 
[0,  5400] loss: 0.374 
[0,  5600] loss: 0.417 
[0,  5800] loss: 0.503 
[0,  6000] loss: 0.630 
[0,  6200] loss: 0.739 
[0,  6400] loss: 0.361 
[0,  6600] loss: 0.835 
[0,  6800] loss: 0.234 
[0,  7000] loss: 0.380 
[0,  7200] loss: 0.694 
[0,  7400] loss: 0.389 
[0,  7600] loss: 0.580 
[0,  7800] loss: 0.362 
[0,  8000] loss: 0.409 
[0,  8200] loss: 0.256 
[0,  8400] loss: 0.561 
[0,  8600] loss: 0.400 
[0,  8800] loss: 0.373 
[0,  9000] loss: 0.273 
[0,  9200] loss: 0.351 
[0,  9400] loss: 0.316 
[0,  9600] loss: 0.494 
[0,  9800] loss: 0.853 
[0, 10000] loss: 0.492 
[0, 10200] loss: 0.458 
[0, 10400] loss: 1.030 
[0, 10600] loss: 0.525 
[0, 10800] loss: 0.308 
[0, 11000] loss: 0.132 
[0, 11200] loss: 0.393 
[0, 11400] loss: 0.498 
[0, 11600] loss: 0.839 
[0, 11800] loss: 0.350 
[0, 12000] loss: 0.630 
[0, 12200] loss: 0.293 
[0, 12400] loss: 0.380 
[0, 12600] loss: 0.646 
[0, 12800] loss: 0.415 
[0, 13000] loss: 0.251 
[0, 13200] loss: 0.272 
[0, 13400] loss: 0.273 
[0, 13600] loss: 0.277 
[0, 13800] loss: 0.638 
[0, 14000] loss: 0.435 
[0, 14200] loss: 0.319 
[0, 14400] loss: 0.383 
[0, 14600] loss: 0.383 
[0, 14800] loss: 0.269 
[0, 15000] loss: 0.571 
[0, 15200] loss: 0.315 
[0, 15400] loss: 0.323 
[0, 15600] loss: 0.325 
[0, 15800] loss: 0.174 
[0, 16000] loss: 0.325 
[0, 16200] loss: 0.371 
[0, 16400] loss: 0.513 
[0, 16600] loss: 0.271 
[0, 16800] loss: 0.379 
[0, 17000] loss: 0.529 
[0, 17200] loss: 0.431 
[0, 17400] loss: 0.786 
[0, 17600] loss: 0.186 
[0, 17800] loss: 0.288 
[0, 18000] loss: 0.325 
[0, 18200] loss: 0.589 
[0, 18400] loss: 0.415 
[0, 18600] loss: 0.449 
[1,   200] loss: 0.239 
[1,   400] loss: 0.170 
[1,   600] loss: 0.224 
[1,   800] loss: 0.773 
[1,  1000] loss: 0.477 
[1,  1200] loss: 0.480 
[1,  1400] loss: 0.289 
[1,  1600] loss: 0.377 
[1,  1800] loss: 0.229 
[1,  2000] loss: 0.423 
[1,  2200] loss: 0.297 
[1,  2400] loss: 0.613 
[1,  2600] loss: 0.377 
[1,  2800] loss: 0.326 
[1,  3000] loss: 0.468 
[1,  3200] loss: 0.279 
[1,  3400] loss: 0.282 
[1,  3600] loss: 0.383 
[1,  3800] loss: 0.250 
[1,  4000] loss: 0.297 
[1,  4200] loss: 0.244 
[1,  4400] loss: 0.199 
[1,  4600] loss: 0.390 
[1,  4800] loss: 0.278 
[1,  5000] loss: 0.394 
[1,  5200] loss: 0.522 
[1,  5400] loss: 0.437 
[1,  5600] loss: 0.314 
[1,  5800] loss: 0.238 
[1,  6000] loss: 0.213 
[1,  6200] loss: 0.179 
[1,  6400] loss: 0.324 
[1,  6600] loss: 0.421 
[1,  6800] loss: 0.299 
[1,  7000] loss: 0.743 
[1,  7200] loss: 0.084 
[1,  7400] loss: 0.259 
[1,  7600] loss: 0.365 
[1,  7800] loss: 0.340 
[1,  8000] loss: 0.238 
[1,  8200] loss: 0.474 
[1,  8400] loss: 0.365 
[1,  8600] loss: 0.191 
[1,  8800] loss: 0.339 
[1,  9000] loss: 0.483 
[1,  9200] loss: 0.455 
[1,  9400] loss: 0.429 
[1,  9600] loss: 0.339 
[1,  9800] loss: 0.191 
[1, 10000] loss: 0.327 
[1, 10200] loss: 0.488 
[1, 10400] loss: 0.506 
[1, 10600] loss: 0.597 
[1, 10800] loss: 0.383 
[1, 11000] loss: 0.155 
[1, 11200] loss: 0.502 
[1, 11400] loss: 0.397 
[1, 11600] loss: 0.347 
[1, 11800] loss: 0.337 
[1, 12000] loss: 0.570 
[1, 12200] loss: 0.282 
[1, 12400] loss: 0.373 
[1, 12600] loss: 0.336 
[1, 12800] loss: 0.222 
[1, 13000] loss: 0.618 
[1, 13200] loss: 0.314 
[1, 13400] loss: 0.183 
[1, 13600] loss: 0.342 
[1, 13800] loss: 0.446 
[1, 14000] loss: 0.365 
[1, 14200] loss: 0.192 
[1, 14400] loss: 0.781 
[1, 14600] loss: 0.223 
[1, 14800] loss: 0.219 
[1, 15000] loss: 0.257 
[1, 15200] loss: 0.278 
[1, 15400] loss: 0.343 
[1, 15600] loss: 0.196 
[1, 15800] loss: 0.463 
[1, 16000] loss: 0.407 
[1, 16200] loss: 0.270 
[1, 16400] loss: 0.212 
[1, 16600] loss: 0.390 
[1, 16800] loss: 0.361 
[1, 17000] loss: 0.198 
[1, 17200] loss: 0.352 
[1, 17400] loss: 0.464 
[1, 17600] loss: 0.411 
[1, 17800] loss: 0.189 
[1, 18000] loss: 0.076 
[1, 18200] loss: 0.317 
[1, 18400] loss: 0.622 
[1, 18600] loss: 0.213 
[2,   200] loss: 0.297 
[2,   400] loss: 0.271 
[2,   600] loss: 0.263 
[2,   800] loss: 0.323 
[2,  1000] loss: 0.670 
[2,  1200] loss: 0.410 
[2,  1400] loss: 0.389 
[2,  1600] loss: 0.214 
[2,  1800] loss: 0.458 
[2,  2000] loss: 0.195 
[2,  2200] loss: 0.223 
[2,  2400] loss: 0.389 
[2,  2600] loss: 0.258 
[2,  2800] loss: 0.340 
[2,  3000] loss: 0.777 
[2,  3200] loss: 0.388 
[2,  3400] loss: 0.457 
[2,  3600] loss: 0.231 
[2,  3800] loss: 0.364 
[2,  4000] loss: 0.482 
[2,  4200] loss: 0.378 
[2,  4400] loss: 0.210 
[2,  4600] loss: 0.690 
[2,  4800] loss: 0.143 
[2,  5000] loss: 0.371 
[2,  5200] loss: 0.214 
[2,  5400] loss: 0.140 
[2,  5600] loss: 0.352 
[2,  5800] loss: 0.242 
[2,  6000] loss: 0.317 
[2,  6200] loss: 0.591 
[2,  6400] loss: 0.229 
[2,  6600] loss: 0.322 
[2,  6800] loss: 0.546 
[2,  7000] loss: 0.271 
[2,  7200] loss: 0.253 
[2,  7400] loss: 0.444 
[2,  7600] loss: 0.316 
[2,  7800] loss: 0.172 
[2,  8000] loss: 0.286 
[2,  8200] loss: 0.602 
[2,  8400] loss: 0.340 
[2,  8600] loss: 0.334 
[2,  8800] loss: 0.167 
[2,  9000] loss: 0.294 
[2,  9200] loss: 0.313 
[2,  9400] loss: 0.179 
[2,  9600] loss: 0.197 
[2,  9800] loss: 0.617 
[2, 10000] loss: 0.152 
[2, 10200] loss: 0.120 
[2, 10400] loss: 0.303 
[2, 10600] loss: 0.406 
[2, 10800] loss: 0.227 
[2, 11000] loss: 0.515 
[2, 11200] loss: 0.331 
[2, 11400] loss: 0.304 
[2, 11600] loss: 0.607 
[2, 11800] loss: 0.205 
[2, 12000] loss: 0.214 
[2, 12200] loss: 0.408 
[2, 12400] loss: 0.140 
[2, 12600] loss: 0.746 
[2, 12800] loss: 0.761 
[2, 13000] loss: 0.376 
[2, 13200] loss: 0.292 
[2, 13400] loss: 0.207 
[2, 13600] loss: 0.308 
[2, 13800] loss: 0.153 
[2, 14000] loss: 0.176 
[2, 14200] loss: 0.277 
[2, 14400] loss: 0.365 
[2, 14600] loss: 0.257 
[2, 14800] loss: 0.323 
[2, 15000] loss: 0.335 
[2, 15200] loss: 0.392 
[2, 15400] loss: 0.396 
[2, 15600] loss: 0.285 
[2, 15800] loss: 0.610 
[2, 16000] loss: 0.501 
[2, 16200] loss: 0.206 
[2, 16400] loss: 0.469 
[2, 16600] loss: 0.389 
[2, 16800] loss: 0.476 
[2, 17000] loss: 0.299 
[2, 17200] loss: 0.233 
[2, 17400] loss: 0.297 
[2, 17600] loss: 0.455 
[2, 17800] loss: 0.427 
[2, 18000] loss: 0.202 
[2, 18200] loss: 0.418 
[2, 18400] loss: 0.338 
[2, 18600] loss: 0.500 
[3,   200] loss: 0.467 
[3,   400] loss: 0.136 
[3,   600] loss: 0.530 
[3,   800] loss: 0.379 
[3,  1000] loss: 0.262 
[3,  1200] loss: 0.435 
[3,  1400] loss: 0.201 
[3,  1600] loss: 0.162 
[3,  1800] loss: 0.347 
[3,  2000] loss: 0.274 
[3,  2200] loss: 0.128 
[3,  2400] loss: 0.120 
[3,  2600] loss: 0.198 
[3,  2800] loss: 0.195 
[3,  3000] loss: 0.265 
[3,  3200] loss: 0.211 
[3,  3400] loss: 0.440 
[3,  3600] loss: 0.675 
[3,  3800] loss: 0.119 
[3,  4000] loss: 0.249 
[3,  4200] loss: 0.301 
[3,  4400] loss: 0.330 
[3,  4600] loss: 0.254 
[3,  4800] loss: 0.292 
[3,  5000] loss: 0.088 
[3,  5200] loss: 0.355 
[3,  5400] loss: 0.588 
[3,  5600] loss: 0.146 
[3,  5800] loss: 0.117 
[3,  6000] loss: 0.158 
[3,  6200] loss: 0.455 
[3,  6400] loss: 0.479 
[3,  6600] loss: 0.146 
[3,  6800] loss: 0.115 
[3,  7000] loss: 0.189 
[3,  7200] loss: 0.550 
[3,  7400] loss: 0.658 
[3,  7600] loss: 0.386 
[3,  7800] loss: 0.162 
[3,  8000] loss: 0.154 
[3,  8200] loss: 0.157 
[3,  8400] loss: 0.131 
[3,  8600] loss: 0.470 
[3,  8800] loss: 0.140 
[3,  9000] loss: 0.335 
[3,  9200] loss: 0.294 
[3,  9400] loss: 0.567 
[3,  9600] loss: 0.219 
[3,  9800] loss: 0.611 
[3, 10000] loss: 0.216 
[3, 10200] loss: 0.523 
[3, 10400] loss: 0.149 
[3, 10600] loss: 0.125 
[3, 10800] loss: 0.358 
[3, 11000] loss: 0.182 
[3, 11200] loss: 0.240 
[3, 11400] loss: 0.166 
[3, 11600] loss: 0.453 
[3, 11800] loss: 0.061 
[3, 12000] loss: 0.255 
[3, 12200] loss: 0.190 
[3, 12400] loss: 0.298 
[3, 12600] loss: 0.220 
[3, 12800] loss: 0.310 
[3, 13000] loss: 0.358 
[3, 13200] loss: 0.307 
[3, 13400] loss: 0.437 
[3, 13600] loss: 0.361 
[3, 13800] loss: 0.273 
[3, 14000] loss: 0.102 
[3, 14200] loss: 0.316 
[3, 14400] loss: 0.080 
[3, 14600] loss: 0.321 
[3, 14800] loss: 0.117 
[3, 15000] loss: 0.594 
[3, 15200] loss: 0.252 
[3, 15400] loss: 0.159 
[3, 15600] loss: 0.363 
[3, 15800] loss: 0.200 
[3, 16000] loss: 0.252 
[3, 16200] loss: 0.123 
[3, 16400] loss: 0.172 
[3, 16600] loss: 0.224 
[3, 16800] loss: 0.407 
[3, 17000] loss: 0.182 
[3, 17200] loss: 0.264 
[3, 17400] loss: 0.139 
[3, 17600] loss: 0.551 
[3, 17800] loss: 0.184 
[3, 18000] loss: 0.178 
[3, 18200] loss: 0.148 
[3, 18400] loss: 0.340 
[3, 18600] loss: 0.124 
[4,   200] loss: 0.696 
[4,   400] loss: 0.167 
[4,   600] loss: 0.402 
[4,   800] loss: 0.444 
[4,  1000] loss: 0.120 
[4,  1200] loss: 0.128 
[4,  1400] loss: 0.289 
[4,  1600] loss: 0.498 
[4,  1800] loss: 0.106 
[4,  2000] loss: 0.233 
[4,  2200] loss: 0.144 
[4,  2400] loss: 0.259 
[4,  2600] loss: 0.205 
[4,  2800] loss: 0.410 
[4,  3000] loss: 0.227 
[4,  3200] loss: 0.323 
[4,  3400] loss: 0.216 
[4,  3600] loss: 0.317 
[4,  3800] loss: 0.325 
[4,  4000] loss: 0.248 
[4,  4200] loss: 0.244 
[4,  4400] loss: 0.587 
[4,  4600] loss: 0.298 
[4,  4800] loss: 0.268 
[4,  5000] loss: 0.269 
[4,  5200] loss: 0.255 
[4,  5400] loss: 0.156 
[4,  5600] loss: 0.201 
[4,  5800] loss: 0.338 
[4,  6000] loss: 0.332 
[4,  6200] loss: 0.321 
[4,  6400] loss: 0.156 
[4,  6600] loss: 0.524 
[4,  6800] loss: 0.187 
[4,  7000] loss: 0.254 
[4,  7200] loss: 0.644 
[4,  7400] loss: 0.247 
[4,  7600] loss: 0.550 
[4,  7800] loss: 0.153 
[4,  8000] loss: 0.286 
[4,  8200] loss: 0.239 
[4,  8400] loss: 0.334 
[4,  8600] loss: 0.389 
[4,  8800] loss: 0.119 
[4,  9000] loss: 0.444 
[4,  9200] loss: 0.248 
[4,  9400] loss: 0.048 
[4,  9600] loss: 0.242 
[4,  9800] loss: 0.556 
[4, 10000] loss: 0.428 
[4, 10200] loss: 0.298 
[4, 10400] loss: 0.155 
[4, 10600] loss: 0.173 
[4, 10800] loss: 0.182 
[4, 11000] loss: 0.342 
[4, 11200] loss: 0.241 
[4, 11400] loss: 0.544 
[4, 11600] loss: 0.778 
[4, 11800] loss: 0.321 
[4, 12000] loss: 0.213 
[4, 12200] loss: 0.427 
[4, 12400] loss: 0.106 
[4, 12600] loss: 0.194 
[4, 12800] loss: 0.242 
[4, 13000] loss: 0.254 
[4, 13200] loss: 0.506 
[4, 13400] loss: 0.087 
[4, 13600] loss: 0.360 
[4, 13800] loss: 0.480 
[4, 14000] loss: 0.193 
[4, 14200] loss: 0.286 
[4, 14400] loss: 0.124 
[4, 14600] loss: 0.152 
[4, 14800] loss: 0.662 
[4, 15000] loss: 0.415 
[4, 15200] loss: 0.274 
[4, 15400] loss: 0.240 
[4, 15600] loss: 0.354 
[4, 15800] loss: 0.441 
[4, 16000] loss: 0.636 
[4, 16200] loss: 0.370 
[4, 16400] loss: 0.191 
[4, 16600] loss: 0.272 
[4, 16800] loss: 0.184 
[4, 17000] loss: 0.111 
[4, 17200] loss: 0.412 
[4, 17400] loss: 0.187 
[4, 17600] loss: 0.023 
[4, 17800] loss: 0.447 
[4, 18000] loss: 0.099 
[4, 18200] loss: 0.173 
[4, 18400] loss: 0.729 
[4, 18600] loss: 0.294 
[5,   200] loss: 0.330 
[5,   400] loss: 0.208 
[5,   600] loss: 0.189 
[5,   800] loss: 0.284 
[5,  1000] loss: 0.276 
[5,  1200] loss: 0.243 
[5,  1400] loss: 0.390 
[5,  1600] loss: 0.257 
[5,  1800] loss: 0.022 
[5,  2000] loss: 0.266 
[5,  2200] loss: 0.421 
[5,  2400] loss: 0.587 
[5,  2600] loss: 0.064 
[5,  2800] loss: 0.207 
[5,  3000] loss: 0.204 
[5,  3200] loss: 0.244 
[5,  3400] loss: 0.140 
[5,  3600] loss: 0.324 
[5,  3800] loss: 0.241 
[5,  4000] loss: 0.090 
[5,  4200] loss: 0.056 
[5,  4400] loss: 0.175 
[5,  4600] loss: 0.367 
[5,  4800] loss: 0.558 
[5,  5000] loss: 0.153 
[5,  5200] loss: 0.274 
[5,  5400] loss: 0.076 
[5,  5600] loss: 0.363 
[5,  5800] loss: 0.351 
[5,  6000] loss: 0.056 
[5,  6200] loss: 0.176 
[5,  6400] loss: 0.109 
[5,  6600] loss: 0.311 
[5,  6800] loss: 0.153 
[5,  7000] loss: 0.371 
[5,  7200] loss: 0.156 
[5,  7400] loss: 0.293 
[5,  7600] loss: 0.087 
[5,  7800] loss: 0.217 
[5,  8000] loss: 0.264 
[5,  8200] loss: 0.223 
[5,  8400] loss: 0.210 
[5,  8600] loss: 0.377 
[5,  8800] loss: 0.249 
[5,  9000] loss: 0.333 
[5,  9200] loss: 0.234 
[5,  9400] loss: 0.325 
[5,  9600] loss: 0.259 
[5,  9800] loss: 0.270 
[5, 10000] loss: 0.137 
[5, 10200] loss: 0.330 
[5, 10400] loss: 0.263 
[5, 10600] loss: 0.053 
[5, 10800] loss: 0.098 
[5, 11000] loss: 0.075 
[5, 11200] loss: 0.164 
[5, 11400] loss: 0.682 
[5, 11600] loss: 0.512 
[5, 11800] loss: 0.277 
[5, 12000] loss: 0.561 
[5, 12200] loss: 0.310 
[5, 12400] loss: 0.183 
[5, 12600] loss: 0.316 
[5, 12800] loss: 0.242 
[5, 13000] loss: 0.488 
[5, 13200] loss: 0.082 
[5, 13400] loss: 0.140 
[5, 13600] loss: 0.235 
[5, 13800] loss: 0.268 
[5, 14000] loss: 0.129 
[5, 14200] loss: 0.413 
[5, 14400] loss: 0.261 
[5, 14600] loss: 0.338 
[5, 14800] loss: 0.565 
[5, 15000] loss: 0.379 
[5, 15200] loss: 0.597 
[5, 15400] loss: 0.290 
[5, 15600] loss: 0.167 
[5, 15800] loss: 0.346 
[5, 16000] loss: 0.436 
[5, 16200] loss: 0.191 
[5, 16400] loss: 0.155 
[5, 16600] loss: 0.338 
[5, 16800] loss: 0.121 
[5, 17000] loss: 0.209 
[5, 17200] loss: 0.070 
[5, 17400] loss: 0.227 
[5, 17600] loss: 0.106 
[5, 17800] loss: 0.454 
[5, 18000] loss: 0.216 
[5, 18200] loss: 0.173 
[5, 18400] loss: 0.261 
[5, 18600] loss: 0.115 
[6,   200] loss: 0.443 
[6,   400] loss: 0.356 
[6,   600] loss: 0.535 
[6,   800] loss: 0.410 
[6,  1000] loss: 0.185 
[6,  1200] loss: 0.067 
[6,  1400] loss: 0.092 
[6,  1600] loss: 0.450 
[6,  1800] loss: 0.050 
[6,  2000] loss: 0.116 
[6,  2200] loss: 0.382 
[6,  2400] loss: 0.466 
[6,  2600] loss: 0.167 
[6,  2800] loss: 0.154 
[6,  3000] loss: 0.336 
[6,  3200] loss: 0.154 
[6,  3400] loss: 0.339 
[6,  3600] loss: 0.092 
[6,  3800] loss: 0.134 
[6,  4000] loss: 0.159 
[6,  4200] loss: 0.183 
[6,  4400] loss: 0.316 
[6,  4600] loss: 0.258 
[6,  4800] loss: 0.088 
[6,  5000] loss: 0.266 
[6,  5200] loss: 0.228 
[6,  5400] loss: 0.404 
[6,  5600] loss: 0.289 
[6,  5800] loss: 0.253 
[6,  6000] loss: 0.411 
[6,  6200] loss: 0.283 
[6,  6400] loss: 0.165 
[6,  6600] loss: 0.244 
[6,  6800] loss: 0.168 
[6,  7000] loss: 0.216 
[6,  7200] loss: 0.205 
[6,  7400] loss: 0.288 
[6,  7600] loss: 0.163 
[6,  7800] loss: 0.067 
[6,  8000] loss: 0.609 
[6,  8200] loss: 0.324 
[6,  8400] loss: 0.132 
[6,  8600] loss: 0.116 
[6,  8800] loss: 0.247 
[6,  9000] loss: 0.122 
[6,  9200] loss: 0.242 
[6,  9400] loss: 0.368 
[6,  9600] loss: 0.164 
[6,  9800] loss: 0.227 
[6, 10000] loss: 0.345 
[6, 10200] loss: 0.163 
[6, 10400] loss: 0.294 
[6, 10600] loss: 0.138 
[6, 10800] loss: 0.224 
[6, 11000] loss: 0.312 
[6, 11200] loss: 0.276 
[6, 11400] loss: 0.188 
[6, 11600] loss: 0.405 
[6, 11800] loss: 0.270 
[6, 12000] loss: 0.199 
[6, 12200] loss: 0.181 
[6, 12400] loss: 0.288 
[6, 12600] loss: 0.021 
[6, 12800] loss: 0.229 
[6, 13000] loss: 0.165 
[6, 13200] loss: 0.317 
[6, 13400] loss: 0.206 
[6, 13600] loss: 0.489 
[6, 13800] loss: 0.078 
[6, 14000] loss: 0.271 
[6, 14200] loss: 0.302 
[6, 14400] loss: 0.110 
[6, 14600] loss: 0.327 
[6, 14800] loss: 0.150 
[6, 15000] loss: 0.063 
[6, 15200] loss: 0.210 
[6, 15400] loss: 0.192 
[6, 15600] loss: 0.364 
[6, 15800] loss: 0.338 
[6, 16000] loss: 0.436 
[6, 16200] loss: 0.401 
[6, 16400] loss: 0.153 
[6, 16600] loss: 0.082 
[6, 16800] loss: 0.311 
[6, 17000] loss: 0.162 
[6, 17200] loss: 0.408 
[6, 17400] loss: 0.324 
[6, 17600] loss: 0.306 
[6, 17800] loss: 0.435 
[6, 18000] loss: 0.218 
[6, 18200] loss: 0.397 
[6, 18400] loss: 0.125 
[6, 18600] loss: 0.346 
[7,   200] loss: 0.133 
[7,   400] loss: 0.117 
[7,   600] loss: 0.235 
[7,   800] loss: 0.228 
[7,  1000] loss: 0.264 
[7,  1200] loss: 0.118 
[7,  1400] loss: 0.252 
[7,  1600] loss: 0.123 
[7,  1800] loss: 0.206 
[7,  2000] loss: 0.303 
[7,  2200] loss: 0.153 
[7,  2400] loss: 0.086 
[7,  2600] loss: 0.132 
[7,  2800] loss: 0.295 
[7,  3000] loss: 0.121 
[7,  3200] loss: 0.123 
[7,  3400] loss: 0.212 
[7,  3600] loss: 0.067 
[7,  3800] loss: 0.149 
[7,  4000] loss: 0.247 
[7,  4200] loss: 0.289 
[7,  4400] loss: 0.217 
[7,  4600] loss: 0.137 
[7,  4800] loss: 0.180 
[7,  5000] loss: 0.466 
[7,  5200] loss: 0.215 
[7,  5400] loss: 0.261 
[7,  5600] loss: 0.206 
[7,  5800] loss: 0.219 
[7,  6000] loss: 0.298 
[7,  6200] loss: 0.253 
[7,  6400] loss: 0.355 
[7,  6600] loss: 0.275 
[7,  6800] loss: 0.193 
[7,  7000] loss: 0.156 
[7,  7200] loss: 0.147 
[7,  7400] loss: 0.271 
[7,  7600] loss: 0.230 
[7,  7800] loss: 0.219 
[7,  8000] loss: 0.164 
[7,  8200] loss: 0.251 
[7,  8400] loss: 0.103 
[7,  8600] loss: 0.156 
[7,  8800] loss: 0.393 
[7,  9000] loss: 0.160 
[7,  9200] loss: 0.239 
[7,  9400] loss: 0.218 
[7,  9600] loss: 0.083 
[7,  9800] loss: 0.247 
[7, 10000] loss: 0.330 
[7, 10200] loss: 0.184 
[7, 10400] loss: 0.193 
[7, 10600] loss: 0.558 
[7, 10800] loss: 0.101 
[7, 11000] loss: 0.138 
[7, 11200] loss: 0.477 
[7, 11400] loss: 0.280 
[7, 11600] loss: 0.297 
[7, 11800] loss: 0.228 
[7, 12000] loss: 0.299 
[7, 12200] loss: 0.425 
[7, 12400] loss: 0.321 
[7, 12600] loss: 0.130 
[7, 12800] loss: 0.268 
[7, 13000] loss: 0.107 
[7, 13200] loss: 0.132 
[7, 13400] loss: 0.167 
[7, 13600] loss: 0.176 
[7, 13800] loss: 0.490 
[7, 14000] loss: 0.512 
[7, 14200] loss: 0.463 
[7, 14400] loss: 0.247 
[7, 14600] loss: 0.285 
[7, 14800] loss: 0.237 
[7, 15000] loss: 0.150 
[7, 15200] loss: 0.149 
[7, 15400] loss: 0.059 
[7, 15600] loss: 0.176 
[7, 15800] loss: 0.053 
[7, 16000] loss: 0.166 
[7, 16200] loss: 0.205 
[7, 16400] loss: 0.163 
[7, 16600] loss: 0.200 
[7, 16800] loss: 0.147 
[7, 17000] loss: 0.484 
[7, 17200] loss: 0.177 
[7, 17400] loss: 0.377 
[7, 17600] loss: 0.338 
[7, 17800] loss: 0.388 
[7, 18000] loss: 0.260 
[7, 18200] loss: 0.125 
[7, 18400] loss: 0.166 
[7, 18600] loss: 0.207 
[8,   200] loss: 0.174 
[8,   400] loss: 0.109 
[8,   600] loss: 0.254 
[8,   800] loss: 0.337 
[8,  1000] loss: 0.367 
[8,  1200] loss: 0.083 
[8,  1400] loss: 0.153 
[8,  1600] loss: 0.087 
[8,  1800] loss: 0.079 
[8,  2000] loss: 0.287 
[8,  2200] loss: 0.263 
[8,  2400] loss: 0.063 
[8,  2600] loss: 0.282 
[8,  2800] loss: 0.176 
[8,  3000] loss: 0.073 
[8,  3200] loss: 0.239 
[8,  3400] loss: 0.199 
[8,  3600] loss: 0.141 
[8,  3800] loss: 0.095 
[8,  4000] loss: 0.377 
[8,  4200] loss: 0.200 
[8,  4400] loss: 0.097 
[8,  4600] loss: 0.298 
[8,  4800] loss: 0.122 
[8,  5000] loss: 0.152 
[8,  5200] loss: 0.425 
[8,  5400] loss: 0.232 
[8,  5600] loss: 0.120 
[8,  5800] loss: 0.205 
[8,  6000] loss: 0.168 
[8,  6200] loss: 0.163 
[8,  6400] loss: 0.091 
[8,  6600] loss: 0.288 
[8,  6800] loss: 0.138 
[8,  7000] loss: 0.290 
[8,  7200] loss: 0.399 
[8,  7400] loss: 0.245 
[8,  7600] loss: 0.194 
[8,  7800] loss: 0.184 
[8,  8000] loss: 0.279 
[8,  8200] loss: 0.156 
[8,  8400] loss: 0.191 
[8,  8600] loss: 0.346 
[8,  8800] loss: 0.054 
[8,  9000] loss: 0.221 
[8,  9200] loss: 0.130 
[8,  9400] loss: 0.284 
[8,  9600] loss: 0.299 
[8,  9800] loss: 0.328 
[8, 10000] loss: 0.067 
[8, 10200] loss: 0.148 
[8, 10400] loss: 0.229 
[8, 10600] loss: 0.226 
[8, 10800] loss: 0.178 
[8, 11000] loss: 0.305 
[8, 11200] loss: 0.233 
[8, 11400] loss: 0.181 
[8, 11600] loss: 0.297 
[8, 11800] loss: 0.543 
[8, 12000] loss: 0.176 
[8, 12200] loss: 0.239 
[8, 12400] loss: 0.221 
[8, 12600] loss: 0.416 
[8, 12800] loss: 0.061 
[8, 13000] loss: 0.160 
[8, 13200] loss: 0.227 
[8, 13400] loss: 0.335 
[8, 13600] loss: 0.297 
[8, 13800] loss: 0.084 
[8, 14000] loss: 0.217 
[8, 14200] loss: 0.236 
[8, 14400] loss: 0.305 
[8, 14600] loss: 0.108 
[8, 14800] loss: 0.128 
[8, 15000] loss: 0.257 
[8, 15200] loss: 0.195 
[8, 15400] loss: 0.186 
[8, 15600] loss: 0.372 
[8, 15800] loss: 0.124 
[8, 16000] loss: 0.107 
[8, 16200] loss: 0.116 
[8, 16400] loss: 0.340 
[8, 16600] loss: 0.233 
[8, 16800] loss: 0.172 
[8, 17000] loss: 0.360 
[8, 17200] loss: 0.143 
[8, 17400] loss: 0.243 
[8, 17600] loss: 0.206 
[8, 17800] loss: 0.088 
[8, 18000] loss: 0.246 
[8, 18200] loss: 0.054 
[8, 18400] loss: 0.085 
[8, 18600] loss: 0.130 
[9,   200] loss: 0.103 
[9,   400] loss: 0.241 
[9,   600] loss: 0.275 
[9,   800] loss: 0.067 
[9,  1000] loss: 0.103 
[9,  1200] loss: 0.115 
[9,  1400] loss: 0.096 
[9,  1600] loss: 0.280 
[9,  1800] loss: 0.308 
[9,  2000] loss: 0.294 
[9,  2200] loss: 0.506 
[9,  2400] loss: 0.331 
[9,  2600] loss: 0.277 
[9,  2800] loss: 0.217 
[9,  3000] loss: 0.183 
[9,  3200] loss: 0.626 
[9,  3400] loss: 0.179 
[9,  3600] loss: 0.217 
[9,  3800] loss: 0.417 
[9,  4000] loss: 0.204 
[9,  4200] loss: 0.358 
[9,  4400] loss: 0.126 
[9,  4600] loss: 0.151 
[9,  4800] loss: 0.087 
[9,  5000] loss: 0.135 
[9,  5200] loss: 0.265 
[9,  5400] loss: 0.113 
[9,  5600] loss: 0.098 
[9,  5800] loss: 0.503 
[9,  6000] loss: 0.196 
[9,  6200] loss: 0.256 
[9,  6400] loss: 0.383 
[9,  6600] loss: 0.082 
[9,  6800] loss: 0.272 
[9,  7000] loss: 0.164 
[9,  7200] loss: 0.506 
[9,  7400] loss: 0.098 
[9,  7600] loss: 0.326 
[9,  7800] loss: 0.283 
[9,  8000] loss: 0.210 
[9,  8200] loss: 0.247 
[9,  8400] loss: 0.031 
[9,  8600] loss: 0.298 
[9,  8800] loss: 0.079 
[9,  9000] loss: 0.228 
[9,  9200] loss: 0.231 
[9,  9400] loss: 0.209 
[9,  9600] loss: 0.235 
[9,  9800] loss: 0.162 
[9, 10000] loss: 0.153 
[9, 10200] loss: 0.179 
[9, 10400] loss: 0.370 
[9, 10600] loss: 0.232 
[9, 10800] loss: 0.086 
[9, 11000] loss: 0.177 
[9, 11200] loss: 0.270 
[9, 11400] loss: 0.381 
[9, 11600] loss: 0.434 
[9, 11800] loss: 0.189 
[9, 12000] loss: 0.253 
[9, 12200] loss: 0.189 
[9, 12400] loss: 0.184 
[9, 12600] loss: 0.192 
[9, 12800] loss: 0.390 
[9, 13000] loss: 0.070 
[9, 13200] loss: 0.261 
[9, 13400] loss: 0.105 
[9, 13600] loss: 0.195 
[9, 13800] loss: 0.413 
[9, 14000] loss: 0.225 
[9, 14200] loss: 0.048 
[9, 14400] loss: 0.254 
[9, 14600] loss: 0.118 
[9, 14800] loss: 0.170 
[9, 15000] loss: 0.060 
[9, 15200] loss: 0.123 
[9, 15400] loss: 0.239 
[9, 15600] loss: 0.155 
[9, 15800] loss: 0.056 
[9, 16000] loss: 0.244 
[9, 16200] loss: 0.111 
[9, 16400] loss: 0.370 
[9, 16600] loss: 0.350 
[9, 16800] loss: 0.245 
[9, 17000] loss: 0.120 
[9, 17200] loss: 0.153 
[9, 17400] loss: 0.211 
[9, 17600] loss: 0.160 
[9, 17800] loss: 0.049 
[9, 18000] loss: 0.362 
[9, 18200] loss: 0.144 
[9, 18400] loss: 0.235 
[9, 18600] loss: 0.300 
[10,   200] loss: 0.130 
[10,   400] loss: 0.065 
[10,   600] loss: 0.116 
[10,   800] loss: 0.338 
[10,  1000] loss: 0.142 
[10,  1200] loss: 0.137 
[10,  1400] loss: 0.140 
[10,  1600] loss: 0.069 
[10,  1800] loss: 0.195 
[10,  2000] loss: 0.237 
[10,  2200] loss: 0.068 
[10,  2400] loss: 0.056 
[10,  2600] loss: 0.079 
[10,  2800] loss: 0.056 
[10,  3000] loss: 0.359 
[10,  3200] loss: 0.134 
[10,  3400] loss: 0.071 
[10,  3600] loss: 0.245 
[10,  3800] loss: 0.099 
[10,  4000] loss: 0.291 
[10,  4200] loss: 0.385 
[10,  4400] loss: 0.165 
[10,  4600] loss: 0.029 
[10,  4800] loss: 0.091 
[10,  5000] loss: 0.056 
[10,  5200] loss: 0.155 
[10,  5400] loss: 0.081 
[10,  5600] loss: 0.272 
[10,  5800] loss: 0.070 
[10,  6000] loss: 0.117 
[10,  6200] loss: 0.196 
[10,  6400] loss: 0.036 
[10,  6600] loss: 0.100 
[10,  6800] loss: 0.153 
[10,  7000] loss: 0.121 
[10,  7200] loss: 0.126 
[10,  7400] loss: 0.106 
[10,  7600] loss: 0.118 
[10,  7800] loss: 0.166 
[10,  8000] loss: 0.256 
[10,  8200] loss: 0.065 
[10,  8400] loss: 0.333 
[10,  8600] loss: 0.277 
[10,  8800] loss: 0.066 
[10,  9000] loss: 0.198 
[10,  9200] loss: 0.074 
[10,  9400] loss: 0.392 
[10,  9600] loss: 0.450 
[10,  9800] loss: 0.363 
[10, 10000] loss: 0.111 
[10, 10200] loss: 0.294 
[10, 10400] loss: 0.084 
[10, 10600] loss: 0.099 
[10, 10800] loss: 0.276 
[10, 11000] loss: 0.115 
[10, 11200] loss: 0.127 
[10, 11400] loss: 0.162 
[10, 11600] loss: 0.217 
[10, 11800] loss: 0.135 
[10, 12000] loss: 0.093 
[10, 12200] loss: 0.093 
[10, 12400] loss: 0.348 
[10, 12600] loss: 0.119 
[10, 12800] loss: 0.184 
[10, 13000] loss: 0.072 
[10, 13200] loss: 0.095 
[10, 13400] loss: 0.344 
[10, 13600] loss: 0.118 
[10, 13800] loss: 0.038 
[10, 14000] loss: 0.258 
[10, 14200] loss: 0.119 
[10, 14400] loss: 0.423 
[10, 14600] loss: 0.056 
[10, 14800] loss: 0.318 
[10, 15000] loss: 0.061 
[10, 15200] loss: 0.083 
[10, 15400] loss: 0.201 
[10, 15600] loss: 0.374 
[10, 15800] loss: 0.303 
[10, 16000] loss: 0.060 
[10, 16200] loss: 0.099 
[10, 16400] loss: 0.298 
[10, 16600] loss: 0.112 
[10, 16800] loss: 0.242 
[10, 17000] loss: 0.133 
[10, 17200] loss: 0.084 
[10, 17400] loss: 0.271 
[10, 17600] loss: 0.227 
[10, 17800] loss: 0.134 
[10, 18000] loss: 0.225 
[10, 18200] loss: 0.226 
[10, 18400] loss: 0.040 
[10, 18600] loss: 0.075 
[11,   200] loss: 0.244 
[11,   400] loss: 0.080 
[11,   600] loss: 0.241 
[11,   800] loss: 0.130 
[11,  1000] loss: 0.104 
[11,  1200] loss: 0.098 
[11,  1400] loss: 0.197 
[11,  1600] loss: 0.163 
[11,  1800] loss: 0.239 
[11,  2000] loss: 0.128 
[11,  2200] loss: 0.156 
[11,  2400] loss: 0.068 
[11,  2600] loss: 0.148 
[11,  2800] loss: 0.020 
[11,  3000] loss: 0.122 
[11,  3200] loss: 0.135 
[11,  3400] loss: 0.305 
[11,  3600] loss: 0.073 
[11,  3800] loss: 0.060 
[11,  4000] loss: 0.181 
[11,  4200] loss: 0.162 
[11,  4400] loss: 0.188 
[11,  4600] loss: 0.176 
[11,  4800] loss: 0.035 
[11,  5000] loss: 0.053 
[11,  5200] loss: 0.129 
[11,  5400] loss: 0.290 
[11,  5600] loss: 0.049 
[11,  5800] loss: 0.172 
[11,  6000] loss: 0.119 
[11,  6200] loss: 0.288 
[11,  6400] loss: 0.215 
[11,  6600] loss: 0.057 
[11,  6800] loss: 0.331 
[11,  7000] loss: 0.153 
[11,  7200] loss: 0.446 
[11,  7400] loss: 0.143 
[11,  7600] loss: 0.264 
[11,  7800] loss: 0.289 
[11,  8000] loss: 0.162 
[11,  8200] loss: 0.182 
[11,  8400] loss: 0.443 
[11,  8600] loss: 0.064 
[11,  8800] loss: 0.211 
[11,  9000] loss: 0.212 
[11,  9200] loss: 0.174 
[11,  9400] loss: 0.135 
[11,  9600] loss: 0.061 
[11,  9800] loss: 0.511 
[11, 10000] loss: 0.041 
[11, 10200] loss: 0.064 
[11, 10400] loss: 0.127 
[11, 10600] loss: 0.043 
[11, 10800] loss: 0.285 
[11, 11000] loss: 0.392 
[11, 11200] loss: 0.175 
[11, 11400] loss: 0.352 
[11, 11600] loss: 0.045 
[11, 11800] loss: 0.538 
[11, 12000] loss: 0.095 
[11, 12200] loss: 0.105 
[11, 12400] loss: 0.183 
[11, 12600] loss: 0.088 
[11, 12800] loss: 0.070 
[11, 13000] loss: 0.171 
[11, 13200] loss: 0.235 
[11, 13400] loss: 0.086 
[11, 13600] loss: 0.132 
[11, 13800] loss: 0.197 
[11, 14000] loss: 0.085 
[11, 14200] loss: 0.179 
[11, 14400] loss: 0.098 
[11, 14600] loss: 0.365 
[11, 14800] loss: 0.059 
[11, 15000] loss: 0.226 
[11, 15200] loss: 0.345 
[11, 15400] loss: 0.292 
[11, 15600] loss: 0.110 
[11, 15800] loss: 0.083 
[11, 16000] loss: 0.065 
[11, 16200] loss: 0.067 
[11, 16400] loss: 0.233 
[11, 16600] loss: 0.045 
[11, 16800] loss: 0.164 
[11, 17000] loss: 0.298 
[11, 17200] loss: 0.142 
[11, 17400] loss: 0.052 
[11, 17600] loss: 0.060 
[11, 17800] loss: 0.116 
[11, 18000] loss: 0.235 
[11, 18200] loss: 0.406 
[11, 18400] loss: 0.145 
[11, 18600] loss: 0.208 
[12,   200] loss: 0.165 
[12,   400] loss: 0.093 
[12,   600] loss: 0.104 
[12,   800] loss: 0.130 
[12,  1000] loss: 0.052 
[12,  1200] loss: 0.195 
[12,  1400] loss: 0.230 
[12,  1600] loss: 0.160 
[12,  1800] loss: 0.102 
[12,  2000] loss: 0.141 
[12,  2200] loss: 0.042 
[12,  2400] loss: 0.032 
[12,  2600] loss: 0.182 
[12,  2800] loss: 0.039 
[12,  3000] loss: 0.111 
[12,  3200] loss: 0.257 
[12,  3400] loss: 0.109 
[12,  3600] loss: 0.322 
[12,  3800] loss: 0.267 
[12,  4000] loss: 0.287 
[12,  4200] loss: 0.130 
[12,  4400] loss: 0.086 
[12,  4600] loss: 0.307 
[12,  4800] loss: 0.194 
[12,  5000] loss: 0.073 
[12,  5200] loss: 0.126 
[12,  5400] loss: 0.067 
[12,  5600] loss: 0.125 
[12,  5800] loss: 0.311 
[12,  6000] loss: 0.335 
[12,  6200] loss: 0.101 
[12,  6400] loss: 0.094 
[12,  6600] loss: 0.091 
[12,  6800] loss: 0.091 
[12,  7000] loss: 0.297 
[12,  7200] loss: 0.307 
[12,  7400] loss: 0.171 
[12,  7600] loss: 0.035 
[12,  7800] loss: 0.062 
[12,  8000] loss: 0.074 
[12,  8200] loss: 0.149 
[12,  8400] loss: 0.095 
[12,  8600] loss: 0.175 
[12,  8800] loss: 0.085 
[12,  9000] loss: 0.054 
[12,  9200] loss: 0.091 
[12,  9400] loss: 0.213 
[12,  9600] loss: 0.234 
[12,  9800] loss: 0.157 
[12, 10000] loss: 0.075 
[12, 10200] loss: 0.365 
[12, 10400] loss: 0.171 
[12, 10600] loss: 0.165 
[12, 10800] loss: 0.068 
[12, 11000] loss: 0.202 
[12, 11200] loss: 0.242 
[12, 11400] loss: 0.204 
[12, 11600] loss: 0.146 
[12, 11800] loss: 0.205 
[12, 12000] loss: 0.042 
[12, 12200] loss: 0.122 
[12, 12400] loss: 0.207 
[12, 12600] loss: 0.205 
[12, 12800] loss: 0.017 
[12, 13000] loss: 0.144 
[12, 13200] loss: 0.055 
[12, 13400] loss: 0.060 
[12, 13600] loss: 0.087 
[12, 13800] loss: 0.147 
[12, 14000] loss: 0.061 
[12, 14200] loss: 0.114 
[12, 14400] loss: 0.105 
[12, 14600] loss: 0.145 
[12, 14800] loss: 0.218 
[12, 15000] loss: 0.288 
[12, 15200] loss: 0.054 
[12, 15400] loss: 0.052 
[12, 15600] loss: 0.061 
[12, 15800] loss: 0.239 
[12, 16000] loss: 0.035 
[12, 16200] loss: 0.267 
[12, 16400] loss: 0.163 
[12, 16600] loss: 0.147 
[12, 16800] loss: 0.126 
[12, 17000] loss: 0.174 
[12, 17200] loss: 0.131 
[12, 17400] loss: 0.079 
[12, 17600] loss: 0.174 
[12, 17800] loss: 0.038 
[12, 18000] loss: 0.094 
[12, 18200] loss: 0.159 
[12, 18400] loss: 0.092 
[12, 18600] loss: 0.233 
[13,   200] loss: 0.079 
[13,   400] loss: 0.139 
[13,   600] loss: 0.300 
[13,   800] loss: 0.157 
[13,  1000] loss: 0.175 
[13,  1200] loss: 0.089 
[13,  1400] loss: 0.119 
[13,  1600] loss: 0.094 
[13,  1800] loss: 0.277 
[13,  2000] loss: 0.175 
[13,  2200] loss: 0.119 
[13,  2400] loss: 0.103 
[13,  2600] loss: 0.084 
[13,  2800] loss: 0.054 
[13,  3000] loss: 0.197 
[13,  3200] loss: 0.055 
[13,  3400] loss: 0.050 
[13,  3600] loss: 0.019 
[13,  3800] loss: 0.086 
[13,  4000] loss: 0.089 
[13,  4200] loss: 0.072 
[13,  4400] loss: 0.146 
[13,  4600] loss: 0.234 
[13,  4800] loss: 0.107 
[13,  5000] loss: 0.081 
[13,  5200] loss: 0.111 
[13,  5400] loss: 0.193 
[13,  5600] loss: 0.108 
[13,  5800] loss: 0.122 
[13,  6000] loss: 0.146 
[13,  6200] loss: 0.128 
[13,  6400] loss: 0.068 
[13,  6600] loss: 0.059 
[13,  6800] loss: 0.117 
[13,  7000] loss: 0.070 
[13,  7200] loss: 0.162 
[13,  7400] loss: 0.119 
[13,  7600] loss: 0.173 
[13,  7800] loss: 0.174 
[13,  8000] loss: 0.096 
[13,  8200] loss: 0.055 
[13,  8400] loss: 0.063 
[13,  8600] loss: 0.055 
[13,  8800] loss: 0.067 
[13,  9000] loss: 0.103 
[13,  9200] loss: 0.176 
[13,  9400] loss: 0.099 
[13,  9600] loss: 0.069 
[13,  9800] loss: 0.048 
[13, 10000] loss: 0.104 
[13, 10200] loss: 0.162 
[13, 10400] loss: 0.167 
[13, 10600] loss: 0.107 
[13, 10800] loss: 0.038 
[13, 11000] loss: 0.299 
[13, 11200] loss: 0.284 
[13, 11400] loss: 0.148 
[13, 11600] loss: 0.044 
[13, 11800] loss: 0.206 
[13, 12000] loss: 0.440 
[13, 12200] loss: 0.210 
[13, 12400] loss: 0.350 
[13, 12600] loss: 0.201 
[13, 12800] loss: 0.114 
[13, 13000] loss: 0.199 
[13, 13200] loss: 0.256 
[13, 13400] loss: 0.131 
[13, 13600] loss: 0.094 
[13, 13800] loss: 0.075 
[13, 14000] loss: 0.142 
[13, 14200] loss: 0.152 
[13, 14400] loss: 0.111 
[13, 14600] loss: 0.073 
[13, 14800] loss: 0.130 
[13, 15000] loss: 0.592 
[13, 15200] loss: 0.156 
[13, 15400] loss: 0.072 
[13, 15600] loss: 0.023 
[13, 15800] loss: 0.062 
[13, 16000] loss: 0.238 
[13, 16200] loss: 0.196 
[13, 16400] loss: 0.107 
[13, 16600] loss: 0.064 
[13, 16800] loss: 0.039 
[13, 17000] loss: 0.017 
[13, 17200] loss: 0.151 
[13, 17400] loss: 0.208 
[13, 17600] loss: 0.159 
[13, 17800] loss: 0.078 
[13, 18000] loss: 0.179 
[13, 18200] loss: 0.170 
[13, 18400] loss: 0.027 
[13, 18600] loss: 0.131 
[14,   200] loss: 0.034 
[14,   400] loss: 0.111 
[14,   600] loss: 0.064 
[14,   800] loss: 0.184 
[14,  1000] loss: 0.250 
[14,  1200] loss: 0.053 
[14,  1400] loss: 0.037 
[14,  1600] loss: 0.077 
[14,  1800] loss: 0.063 
[14,  2000] loss: 0.188 
[14,  2200] loss: 0.068 
[14,  2400] loss: 0.112 
[14,  2600] loss: 0.182 
[14,  2800] loss: 0.369 
[14,  3000] loss: 0.074 
[14,  3200] loss: 0.287 
[14,  3400] loss: 0.163 
[14,  3600] loss: 0.108 
[14,  3800] loss: 0.069 
[14,  4000] loss: 0.164 
[14,  4200] loss: 0.083 
[14,  4400] loss: 0.186 
[14,  4600] loss: 0.031 
[14,  4800] loss: 0.173 
[14,  5000] loss: 0.172 
[14,  5200] loss: 0.190 
[14,  5400] loss: 0.237 
[14,  5600] loss: 0.097 
[14,  5800] loss: 0.143 
[14,  6000] loss: 0.169 
[14,  6200] loss: 0.093 
[14,  6400] loss: 0.032 
[14,  6600] loss: 0.128 
[14,  6800] loss: 0.113 
[14,  7000] loss: 0.290 
[14,  7200] loss: 0.279 
[14,  7400] loss: 0.045 
[14,  7600] loss: 0.131 
[14,  7800] loss: 0.083 
[14,  8000] loss: 0.309 
[14,  8200] loss: 0.057 
[14,  8400] loss: 0.077 
[14,  8600] loss: 0.106 
[14,  8800] loss: 0.046 
[14,  9000] loss: 0.104 
[14,  9200] loss: 0.067 
[14,  9400] loss: 0.251 
[14,  9600] loss: 0.080 
[14,  9800] loss: 0.037 
[14, 10000] loss: 0.131 
[14, 10200] loss: 0.045 
[14, 10400] loss: 0.181 
[14, 10600] loss: 0.209 
[14, 10800] loss: 0.046 
[14, 11000] loss: 0.078 
[14, 11200] loss: 0.092 
[14, 11400] loss: 0.218 
[14, 11600] loss: 0.098 
[14, 11800] loss: 0.155 
[14, 12000] loss: 0.038 
[14, 12200] loss: 0.341 
[14, 12400] loss: 0.214 
[14, 12600] loss: 0.138 
[14, 12800] loss: 0.234 
[14, 13000] loss: 0.077 
[14, 13200] loss: 0.112 
[14, 13400] loss: 0.234 
[14, 13600] loss: 0.118 
[14, 13800] loss: 0.088 
[14, 14000] loss: 0.224 
[14, 14200] loss: 0.116 
[14, 14400] loss: 0.317 
[14, 14600] loss: 0.233 
[14, 14800] loss: 0.139 
[14, 15000] loss: 0.281 
[14, 15200] loss: 0.220 
[14, 15400] loss: 0.142 
[14, 15600] loss: 0.077 
[14, 15800] loss: 0.215 
[14, 16000] loss: 0.100 
[14, 16200] loss: 0.189 
[14, 16400] loss: 0.120 
[14, 16600] loss: 0.294 
[14, 16800] loss: 0.132 
[14, 17000] loss: 0.081 
[14, 17200] loss: 0.046 
[14, 17400] loss: 0.153 
[14, 17600] loss: 0.088 
[14, 17800] loss: 0.113 
[14, 18000] loss: 0.050 
[14, 18200] loss: 0.096 
[14, 18400] loss: 0.047 
[14, 18600] loss: 0.160 
[15,   200] loss: 0.055 
[15,   400] loss: 0.078 
[15,   600] loss: 0.105 
[15,   800] loss: 0.105 
[15,  1000] loss: 0.192 
[15,  1200] loss: 0.013 
[15,  1400] loss: 0.073 
[15,  1600] loss: 0.091 
[15,  1800] loss: 0.075 
[15,  2000] loss: 0.096 
[15,  2200] loss: 0.033 
[15,  2400] loss: 0.057 
[15,  2600] loss: 0.063 
[15,  2800] loss: 0.109 
[15,  3000] loss: 0.051 
[15,  3200] loss: 0.318 
[15,  3400] loss: 0.101 
[15,  3600] loss: 0.074 
[15,  3800] loss: 0.074 
[15,  4000] loss: 0.263 
[15,  4200] loss: 0.040 
[15,  4400] loss: 0.172 
[15,  4600] loss: 0.022 
[15,  4800] loss: 0.186 
[15,  5000] loss: 0.141 
[15,  5200] loss: 0.118 
[15,  5400] loss: 0.116 
[15,  5600] loss: 0.115 
[15,  5800] loss: 0.075 
[15,  6000] loss: 0.056 
[15,  6200] loss: 0.133 
[15,  6400] loss: 0.012 
[15,  6600] loss: 0.190 
[15,  6800] loss: 0.066 
[15,  7000] loss: 0.022 
[15,  7200] loss: 0.060 
[15,  7400] loss: 0.370 
[15,  7600] loss: 0.098 
[15,  7800] loss: 0.012 
[15,  8000] loss: 0.108 
[15,  8200] loss: 0.089 
[15,  8400] loss: 0.139 
[15,  8600] loss: 0.051 
[15,  8800] loss: 0.100 
[15,  9000] loss: 0.123 
[15,  9200] loss: 0.095 
[15,  9400] loss: 0.365 
[15,  9600] loss: 0.193 
[15,  9800] loss: 0.216 
[15, 10000] loss: 0.322 
[15, 10200] loss: 0.155 
[15, 10400] loss: 0.178 
[15, 10600] loss: 0.054 
[15, 10800] loss: 0.197 
[15, 11000] loss: 0.045 
[15, 11200] loss: 0.250 
[15, 11400] loss: 0.244 
[15, 11600] loss: 0.092 
[15, 11800] loss: 0.106 
[15, 12000] loss: 0.094 
[15, 12200] loss: 0.067 
[15, 12400] loss: 0.241 
[15, 12600] loss: 0.096 
[15, 12800] loss: 0.122 
[15, 13000] loss: 0.148 
[15, 13200] loss: 0.085 
[15, 13400] loss: 0.237 
[15, 13600] loss: 0.045 
[15, 13800] loss: 0.066 
[15, 14000] loss: 0.076 
[15, 14200] loss: 0.252 
[15, 14400] loss: 0.075 
[15, 14600] loss: 0.223 
[15, 14800] loss: 0.034 
[15, 15000] loss: 0.156 
[15, 15200] loss: 0.106 
[15, 15400] loss: 0.127 
[15, 15600] loss: 0.106 
[15, 15800] loss: 0.121 
[15, 16000] loss: 0.059 
[15, 16200] loss: 0.116 
[15, 16400] loss: 0.148 
[15, 16600] loss: 0.100 
[15, 16800] loss: 0.094 
[15, 17000] loss: 0.257 
[15, 17200] loss: 0.086 
[15, 17400] loss: 0.032 
[15, 17600] loss: 0.074 
[15, 17800] loss: 0.059 
[15, 18000] loss: 0.107 
[15, 18200] loss: 0.169 
[15, 18400] loss: 0.061 
[15, 18600] loss: 0.223 
[16,   200] loss: 0.053 
[16,   400] loss: 0.021 
[16,   600] loss: 0.137 
[16,   800] loss: 0.108 
[16,  1000] loss: 0.220 
[16,  1200] loss: 0.076 
[16,  1400] loss: 0.030 
[16,  1600] loss: 0.015 
[16,  1800] loss: 0.212 
[16,  2000] loss: 0.070 
[16,  2200] loss: 0.090 
[16,  2400] loss: 0.052 
[16,  2600] loss: 0.148 
[16,  2800] loss: 0.050 
[16,  3000] loss: 0.094 
[16,  3200] loss: 0.152 
[16,  3400] loss: 0.099 
[16,  3600] loss: 0.053 
[16,  3800] loss: 0.097 
[16,  4000] loss: 0.061 
[16,  4200] loss: 0.075 
[16,  4400] loss: 0.016 
[16,  4600] loss: 0.065 
[16,  4800] loss: 0.142 
[16,  5000] loss: 0.161 
[16,  5200] loss: 0.046 
[16,  5400] loss: 0.159 
[16,  5600] loss: 0.072 
[16,  5800] loss: 0.042 
[16,  6000] loss: 0.009 
[16,  6200] loss: 0.038 
[16,  6400] loss: 0.152 
[16,  6600] loss: 0.182 
[16,  6800] loss: 0.111 
[16,  7000] loss: 0.038 
[16,  7200] loss: 0.164 
[16,  7400] loss: 0.075 
[16,  7600] loss: 0.127 
[16,  7800] loss: 0.097 
[16,  8000] loss: 0.080 
[16,  8200] loss: 0.144 
[16,  8400] loss: 0.196 
[16,  8600] loss: 0.245 
[16,  8800] loss: 0.060 
[16,  9000] loss: 0.227 
[16,  9200] loss: 0.053 
[16,  9400] loss: 0.037 
[16,  9600] loss: 0.204 
[16,  9800] loss: 0.021 
[16, 10000] loss: 0.232 
[16, 10200] loss: 0.148 
[16, 10400] loss: 0.154 
[16, 10600] loss: 0.087 
[16, 10800] loss: 0.220 
[16, 11000] loss: 0.047 
[16, 11200] loss: 0.094 
[16, 11400] loss: 0.129 
[16, 11600] loss: 0.064 
[16, 11800] loss: 0.141 
[16, 12000] loss: 0.357 
[16, 12200] loss: 0.190 
[16, 12400] loss: 0.388 
[16, 12600] loss: 0.069 
[16, 12800] loss: 0.056 
[16, 13000] loss: 0.027 
[16, 13200] loss: 0.024 
[16, 13400] loss: 0.182 
[16, 13600] loss: 0.019 
[16, 13800] loss: 0.095 
[16, 14000] loss: 0.178 
[16, 14200] loss: 0.047 
[16, 14400] loss: 0.125 
[16, 14600] loss: 0.108 
[16, 14800] loss: 0.059 
[16, 15000] loss: 0.077 
[16, 15200] loss: 0.028 
[16, 15400] loss: 0.068 
[16, 15600] loss: 0.207 
[16, 15800] loss: 0.026 
[16, 16000] loss: 0.217 
[16, 16200] loss: 0.059 
[16, 16400] loss: 0.052 
[16, 16600] loss: 0.080 
[16, 16800] loss: 0.066 
[16, 17000] loss: 0.130 
[16, 17200] loss: 0.286 
[16, 17400] loss: 0.248 
[16, 17600] loss: 0.046 
[16, 17800] loss: 0.106 
[16, 18000] loss: 0.045 
[16, 18200] loss: 0.038 
[16, 18400] loss: 0.184 
[16, 18600] loss: 0.107 
[17,   200] loss: 0.093 
[17,   400] loss: 0.066 
[17,   600] loss: 0.042 
[17,   800] loss: 0.029 
[17,  1000] loss: 0.082 
[17,  1200] loss: 0.166 
[17,  1400] loss: 0.073 
[17,  1600] loss: 0.012 
[17,  1800] loss: 0.041 
[17,  2000] loss: 0.079 
[17,  2200] loss: 0.229 
[17,  2400] loss: 0.039 
[17,  2600] loss: 0.040 
[17,  2800] loss: 0.143 
[17,  3000] loss: 0.057 
[17,  3200] loss: 0.160 
[17,  3400] loss: 0.054 
[17,  3600] loss: 0.108 
[17,  3800] loss: 0.061 
[17,  4000] loss: 0.027 
[17,  4200] loss: 0.198 
[17,  4400] loss: 0.058 
[17,  4600] loss: 0.047 
[17,  4800] loss: 0.211 
[17,  5000] loss: 0.104 
[17,  5200] loss: 0.056 
[17,  5400] loss: 0.239 
[17,  5600] loss: 0.203 
[17,  5800] loss: 0.070 
[17,  6000] loss: 0.206 
[17,  6200] loss: 0.176 
[17,  6400] loss: 0.103 
[17,  6600] loss: 0.179 
[17,  6800] loss: 0.256 
[17,  7000] loss: 0.020 
[17,  7200] loss: 0.078 
[17,  7400] loss: 0.113 
[17,  7600] loss: 0.022 
[17,  7800] loss: 0.155 
[17,  8000] loss: 0.013 
[17,  8200] loss: 0.079 
[17,  8400] loss: 0.124 
[17,  8600] loss: 0.045 
[17,  8800] loss: 0.153 
[17,  9000] loss: 0.279 
[17,  9200] loss: 0.137 
[17,  9400] loss: 0.052 
[17,  9600] loss: 0.294 
[17,  9800] loss: 0.034 
[17, 10000] loss: 0.336 
[17, 10200] loss: 0.099 
[17, 10400] loss: 0.183 
[17, 10600] loss: 0.082 
[17, 10800] loss: 0.015 
[17, 11000] loss: 0.150 
[17, 11200] loss: 0.056 
[17, 11400] loss: 0.022 
[17, 11600] loss: 0.091 
[17, 11800] loss: 0.034 
[17, 12000] loss: 0.046 
[17, 12200] loss: 0.029 
[17, 12400] loss: 0.108 
[17, 12600] loss: 0.047 
[17, 12800] loss: 0.114 
[17, 13000] loss: 0.042 
[17, 13200] loss: 0.074 
[17, 13400] loss: 0.041 
[17, 13600] loss: 0.119 
[17, 13800] loss: 0.173 
[17, 14000] loss: 0.043 
[17, 14200] loss: 0.339 
[17, 14400] loss: 0.045 
[17, 14600] loss: 0.290 
[17, 14800] loss: 0.142 
[17, 15000] loss: 0.043 
[17, 15200] loss: 0.120 
[17, 15400] loss: 0.118 
[17, 15600] loss: 0.074 
[17, 15800] loss: 0.187 
[17, 16000] loss: 0.049 
[17, 16200] loss: 0.052 
[17, 16400] loss: 0.082 
[17, 16600] loss: 0.120 
[17, 16800] loss: 0.230 
[17, 17000] loss: 0.082 
[17, 17200] loss: 0.012 
[17, 17400] loss: 0.001 
[17, 17600] loss: 0.258 
[17, 17800] loss: 0.147 
[17, 18000] loss: 0.134 
[17, 18200] loss: 0.112 
[17, 18400] loss: 0.094 
[17, 18600] loss: 0.137 
[18,   200] loss: 0.038 
[18,   400] loss: 0.051 
[18,   600] loss: 0.062 
[18,   800] loss: 0.044 
[18,  1000] loss: 0.285 
[18,  1200] loss: 0.101 
[18,  1400] loss: 0.051 
[18,  1600] loss: 0.116 
[18,  1800] loss: 0.042 
[18,  2000] loss: 0.053 
[18,  2200] loss: 0.179 
[18,  2400] loss: 0.049 
[18,  2600] loss: 0.012 
[18,  2800] loss: 0.066 
[18,  3000] loss: 0.062 
[18,  3200] loss: 0.125 
[18,  3400] loss: 0.020 
[18,  3600] loss: 0.205 
[18,  3800] loss: 0.089 
[18,  4000] loss: 0.026 
[18,  4200] loss: 0.022 
[18,  4400] loss: 0.026 
[18,  4600] loss: 0.140 
[18,  4800] loss: 0.100 
[18,  5000] loss: 0.042 
[18,  5200] loss: 0.088 
[18,  5400] loss: 0.142 
[18,  5600] loss: 0.063 
[18,  5800] loss: 0.050 
[18,  6000] loss: 0.042 
[18,  6200] loss: 0.090 
[18,  6400] loss: 0.084 
[18,  6600] loss: 0.091 
[18,  6800] loss: 0.078 
[18,  7000] loss: 0.130 
[18,  7200] loss: 0.161 
[18,  7400] loss: 0.072 
[18,  7600] loss: 0.242 
[18,  7800] loss: 0.018 
[18,  8000] loss: 0.070 
[18,  8200] loss: 0.068 
[18,  8400] loss: 0.104 
[18,  8600] loss: 0.121 
[18,  8800] loss: 0.024 
[18,  9000] loss: 0.127 
[18,  9200] loss: 0.185 
[18,  9400] loss: 0.133 
[18,  9600] loss: 0.067 
[18,  9800] loss: 0.171 
[18, 10000] loss: 0.078 
[18, 10200] loss: 0.124 
[18, 10400] loss: 0.021 
[18, 10600] loss: 0.157 
[18, 10800] loss: 0.156 
[18, 11000] loss: 0.190 
[18, 11200] loss: 0.063 
[18, 11400] loss: 0.128 
[18, 11600] loss: 0.088 
[18, 11800] loss: 0.260 
[18, 12000] loss: 0.174 
[18, 12200] loss: 0.104 
[18, 12400] loss: 0.056 
[18, 12600] loss: 0.239 
[18, 12800] loss: 0.125 
[18, 13000] loss: 0.246 
[18, 13200] loss: 0.104 
[18, 13400] loss: 0.040 
[18, 13600] loss: 0.141 
[18, 13800] loss: 0.027 
[18, 14000] loss: 0.077 
[18, 14200] loss: 0.114 
[18, 14400] loss: 0.107 
[18, 14600] loss: 0.130 
[18, 14800] loss: 0.183 
[18, 15000] loss: 0.028 
[18, 15200] loss: 0.141 
[18, 15400] loss: 0.058 
[18, 15600] loss: 0.096 
[18, 15800] loss: 0.043 
[18, 16000] loss: 0.027 
[18, 16200] loss: 0.145 
[18, 16400] loss: 0.169 
[18, 16600] loss: 0.051 
[18, 16800] loss: 0.037 
[18, 17000] loss: 0.066 
[18, 17200] loss: 0.134 
[18, 17400] loss: 0.079 
[18, 17600] loss: 0.028 
[18, 17800] loss: 0.066 
[18, 18000] loss: 0.184 
[18, 18200] loss: 0.091 
[18, 18400] loss: 0.072 
[18, 18600] loss: 0.051 
[19,   200] loss: 0.102 
[19,   400] loss: 0.009 
[19,   600] loss: 0.231 
[19,   800] loss: 0.237 
[19,  1000] loss: 0.083 
[19,  1200] loss: 0.044 
[19,  1400] loss: 0.011 
[19,  1600] loss: 0.017 
[19,  1800] loss: 0.044 
[19,  2000] loss: 0.143 
[19,  2200] loss: 0.067 
[19,  2400] loss: 0.038 
[19,  2600] loss: 0.063 
[19,  2800] loss: 0.027 
[19,  3000] loss: 0.030 
[19,  3200] loss: 0.054 
[19,  3400] loss: 0.038 
[19,  3600] loss: 0.045 
[19,  3800] loss: 0.154 
[19,  4000] loss: 0.043 
[19,  4200] loss: 0.042 
[19,  4400] loss: 0.153 
[19,  4600] loss: 0.293 
[19,  4800] loss: 0.030 
[19,  5000] loss: 0.043 
[19,  5200] loss: 0.058 
[19,  5400] loss: 0.045 
[19,  5600] loss: 0.041 
[19,  5800] loss: 0.025 
[19,  6000] loss: 0.080 
[19,  6200] loss: 0.049 
[19,  6400] loss: 0.230 
[19,  6600] loss: 0.468 
[19,  6800] loss: 0.115 
[19,  7000] loss: 0.010 
[19,  7200] loss: 0.099 
[19,  7400] loss: 0.032 
[19,  7600] loss: 0.170 
[19,  7800] loss: 0.073 
[19,  8000] loss: 0.077 
[19,  8200] loss: 0.047 
[19,  8400] loss: 0.017 
[19,  8600] loss: 0.053 
[19,  8800] loss: 0.039 
[19,  9000] loss: 0.013 
[19,  9200] loss: 0.040 
[19,  9400] loss: 0.136 
[19,  9600] loss: 0.162 
[19,  9800] loss: 0.120 
[19, 10000] loss: 0.140 
[19, 10200] loss: 0.024 
[19, 10400] loss: 0.012 
[19, 10600] loss: 0.024 
[19, 10800] loss: 0.083 
[19, 11000] loss: 0.089 
[19, 11200] loss: 0.069 
[19, 11400] loss: 0.033 
[19, 11600] loss: 0.182 
[19, 11800] loss: 0.077 
[19, 12000] loss: 0.083 
[19, 12200] loss: 0.082 
[19, 12400] loss: 0.182 
[19, 12600] loss: 0.031 
[19, 12800] loss: 0.030 
[19, 13000] loss: 0.033 
[19, 13200] loss: 0.154 
[19, 13400] loss: 0.114 
[19, 13600] loss: 0.050 
[19, 13800] loss: 0.076 
[19, 14000] loss: 0.215 
[19, 14200] loss: 0.056 
[19, 14400] loss: 0.144 
[19, 14600] loss: 0.154 
[19, 14800] loss: 0.140 
[19, 15000] loss: 0.040 
[19, 15200] loss: 0.057 
[19, 15400] loss: 0.065 
[19, 15600] loss: 0.115 
[19, 15800] loss: 0.120 
[19, 16000] loss: 0.120 
[19, 16200] loss: 0.015 
[19, 16400] loss: 0.038 
[19, 16600] loss: 0.024 
[19, 16800] loss: 0.161 
[19, 17000] loss: 0.031 
[19, 17200] loss: 0.034 
[19, 17400] loss: 0.220 
[19, 17600] loss: 0.045 
[19, 17800] loss: 0.085 
[19, 18000] loss: 0.049 
[19, 18200] loss: 0.032 
[19, 18400] loss: 0.111 
[19, 18600] loss: 0.061 
[20,   200] loss: 0.072 
[20,   400] loss: 0.021 
[20,   600] loss: 0.091 
[20,   800] loss: 0.064 
[20,  1000] loss: 0.103 
[20,  1200] loss: 0.131 
[20,  1400] loss: 0.068 
[20,  1600] loss: 0.055 
[20,  1800] loss: 0.074 
[20,  2000] loss: 0.079 
[20,  2200] loss: 0.194 
[20,  2400] loss: 0.041 
[20,  2600] loss: 0.031 
[20,  2800] loss: 0.018 
[20,  3000] loss: 0.244 
[20,  3200] loss: 0.160 
[20,  3400] loss: 0.159 
[20,  3600] loss: 0.157 
[20,  3800] loss: 0.015 
[20,  4000] loss: 0.037 
[20,  4200] loss: 0.045 
[20,  4400] loss: 0.010 
[20,  4600] loss: 0.081 
[20,  4800] loss: 0.042 
[20,  5000] loss: 0.037 
[20,  5200] loss: 0.131 
[20,  5400] loss: 0.002 
[20,  5600] loss: 0.122 
[20,  5800] loss: 0.003 
[20,  6000] loss: 0.085 
[20,  6200] loss: 0.075 
[20,  6400] loss: 0.016 
[20,  6600] loss: 0.034 
[20,  6800] loss: 0.007 
[20,  7000] loss: 0.036 
[20,  7200] loss: 0.153 
[20,  7400] loss: 0.026 
[20,  7600] loss: 0.046 
[20,  7800] loss: 0.013 
[20,  8000] loss: 0.022 
[20,  8200] loss: 0.107 
[20,  8400] loss: 0.125 
[20,  8600] loss: 0.109 
[20,  8800] loss: 0.044 
[20,  9000] loss: 0.011 
[20,  9200] loss: 0.317 
[20,  9400] loss: 0.033 
[20,  9600] loss: 0.010 
[20,  9800] loss: 0.015 
[20, 10000] loss: 0.042 
[20, 10200] loss: 0.037 
[20, 10400] loss: 0.024 
[20, 10600] loss: 0.023 
[20, 10800] loss: 0.114 
[20, 11000] loss: 0.084 
[20, 11200] loss: 0.021 
[20, 11400] loss: 0.004 
[20, 11600] loss: 0.069 
[20, 11800] loss: 0.075 
[20, 12000] loss: 0.011 
[20, 12200] loss: 0.274 
[20, 12400] loss: 0.073 
[20, 12600] loss: 0.004 
[20, 12800] loss: 0.044 
[20, 13000] loss: 0.071 
[20, 13200] loss: 0.134 
[20, 13400] loss: 0.075 
[20, 13600] loss: 0.032 
[20, 13800] loss: 0.022 
[20, 14000] loss: 0.042 
[20, 14200] loss: 0.060 
[20, 14400] loss: 0.034 
[20, 14600] loss: 0.066 
[20, 14800] loss: 0.006 
[20, 15000] loss: 0.118 
[20, 15200] loss: 0.041 
[20, 15400] loss: 0.121 
[20, 15600] loss: 0.068 
[20, 15800] loss: 0.223 
[20, 16000] loss: 0.181 
[20, 16200] loss: 0.025 
[20, 16400] loss: 0.025 
[20, 16600] loss: 0.019 
[20, 16800] loss: 0.076 
[20, 17000] loss: 0.099 
[20, 17200] loss: 0.111 
[20, 17400] loss: 0.231 
[20, 17600] loss: 0.077 
[20, 17800] loss: 0.046 
[20, 18000] loss: 0.089 
[20, 18200] loss: 0.118 
[20, 18400] loss: 0.081 
[20, 18600] loss: 0.162 
[21,   200] loss: 0.078 
[21,   400] loss: 0.025 
[21,   600] loss: 0.003 
[21,   800] loss: 0.053 
[21,  1000] loss: 0.062 
[21,  1200] loss: 0.127 
[21,  1400] loss: 0.030 
[21,  1600] loss: 0.111 
[21,  1800] loss: 0.007 
[21,  2000] loss: 0.027 
[21,  2200] loss: 0.173 
[21,  2400] loss: 0.061 
[21,  2600] loss: 0.060 
[21,  2800] loss: 0.038 
[21,  3000] loss: 0.030 
[21,  3200] loss: 0.056 
[21,  3400] loss: 0.048 
[21,  3600] loss: 0.011 
[21,  3800] loss: 0.044 
[21,  4000] loss: 0.162 
[21,  4200] loss: 0.017 
[21,  4400] loss: 0.013 
[21,  4600] loss: 0.078 
[21,  4800] loss: 0.051 
[21,  5000] loss: 0.009 
[21,  5200] loss: 0.253 
[21,  5400] loss: 0.077 
[21,  5600] loss: 0.037 
[21,  5800] loss: 0.067 
[21,  6000] loss: 0.029 
[21,  6200] loss: 0.050 
[21,  6400] loss: 0.008 
[21,  6600] loss: 0.013 
[21,  6800] loss: 0.129 
[21,  7000] loss: 0.060 
[21,  7200] loss: 0.107 
[21,  7400] loss: 0.056 
[21,  7600] loss: 0.001 
[21,  7800] loss: 0.094 
[21,  8000] loss: 0.142 
[21,  8200] loss: 0.075 
[21,  8400] loss: 0.010 
[21,  8600] loss: 0.018 
[21,  8800] loss: 0.064 
[21,  9000] loss: 0.014 
[21,  9200] loss: 0.025 
[21,  9400] loss: 0.003 
[21,  9600] loss: 0.016 
[21,  9800] loss: 0.188 
[21, 10000] loss: 0.057 
[21, 10200] loss: 0.025 
[21, 10400] loss: 0.065 
[21, 10600] loss: 0.145 
[21, 10800] loss: 0.070 
[21, 11000] loss: 0.008 
[21, 11200] loss: 0.085 
[21, 11400] loss: 0.105 
[21, 11600] loss: 0.094 
[21, 11800] loss: 0.103 
[21, 12000] loss: 0.037 
[21, 12200] loss: 0.027 
[21, 12400] loss: 0.068 
[21, 12600] loss: 0.176 
[21, 12800] loss: 0.102 
[21, 13000] loss: 0.059 
[21, 13200] loss: 0.127 
[21, 13400] loss: 0.141 
[21, 13600] loss: 0.086 
[21, 13800] loss: 0.125 
[21, 14000] loss: 0.011 
[21, 14200] loss: 0.019 
[21, 14400] loss: 0.009 
[21, 14600] loss: 0.029 
[21, 14800] loss: 0.050 
[21, 15000] loss: 0.071 
[21, 15200] loss: 0.024 
[21, 15400] loss: 0.118 
[21, 15600] loss: 0.171 
[21, 15800] loss: 0.047 
[21, 16000] loss: 0.066 
[21, 16200] loss: 0.014 
[21, 16400] loss: 0.058 
[21, 16600] loss: 0.033 
[21, 16800] loss: 0.005 
[21, 17000] loss: 0.012 
[21, 17200] loss: 0.023 
[21, 17400] loss: 0.066 
[21, 17600] loss: 0.103 
[21, 17800] loss: 0.037 
[21, 18000] loss: 0.031 
[21, 18200] loss: 0.013 
[21, 18400] loss: 0.093 
[21, 18600] loss: 0.063 
[22,   200] loss: 0.049 
[22,   400] loss: 0.011 
[22,   600] loss: 0.251 
[22,   800] loss: 0.036 
[22,  1000] loss: 0.043 
[22,  1200] loss: 0.009 
[22,  1400] loss: 0.073 
[22,  1600] loss: 0.016 
[22,  1800] loss: 0.041 
[22,  2000] loss: 0.050 
[22,  2200] loss: 0.217 
[22,  2400] loss: 0.056 
[22,  2600] loss: 0.145 
[22,  2800] loss: 0.032 
[22,  3000] loss: 0.167 
[22,  3200] loss: 0.215 
[22,  3400] loss: 0.117 
[22,  3600] loss: 0.063 
[22,  3800] loss: 0.003 
[22,  4000] loss: 0.013 
[22,  4200] loss: 0.028 
[22,  4400] loss: 0.049 
[22,  4600] loss: 0.095 
[22,  4800] loss: 0.040 
[22,  5000] loss: 0.009 
[22,  5200] loss: 0.024 
[22,  5400] loss: 0.039 
[22,  5600] loss: 0.098 
[22,  5800] loss: 0.021 
[22,  6000] loss: 0.009 
[22,  6200] loss: 0.109 
[22,  6400] loss: 0.087 
[22,  6600] loss: 0.057 
[22,  6800] loss: 0.031 
[22,  7000] loss: 0.085 
[22,  7200] loss: 0.061 
[22,  7400] loss: 0.038 
[22,  7600] loss: 0.033 
[22,  7800] loss: 0.031 
[22,  8000] loss: 0.041 
[22,  8200] loss: 0.156 
[22,  8400] loss: 0.085 
[22,  8600] loss: 0.113 
[22,  8800] loss: 0.051 
[22,  9000] loss: 0.009 
[22,  9200] loss: 0.046 
[22,  9400] loss: 0.008 
[22,  9600] loss: 0.007 
[22,  9800] loss: 0.026 
[22, 10000] loss: 0.099 
[22, 10200] loss: 0.050 
[22, 10400] loss: 0.258 
[22, 10600] loss: 0.014 
[22, 10800] loss: 0.103 
[22, 11000] loss: 0.028 
[22, 11200] loss: 0.105 
[22, 11400] loss: 0.066 
[22, 11600] loss: 0.048 
[22, 11800] loss: 0.106 
[22, 12000] loss: 0.080 
[22, 12200] loss: 0.021 
[22, 12400] loss: 0.030 
[22, 12600] loss: 0.144 
[22, 12800] loss: 0.125 
[22, 13000] loss: 0.060 
[22, 13200] loss: 0.029 
[22, 13400] loss: 0.072 
[22, 13600] loss: 0.023 
[22, 13800] loss: 0.075 
[22, 14000] loss: 0.005 
[22, 14200] loss: 0.014 
[22, 14400] loss: 0.063 
[22, 14600] loss: 0.105 
[22, 14800] loss: 0.089 
[22, 15000] loss: 0.005 
[22, 15200] loss: 0.012 
[22, 15400] loss: 0.153 
[22, 15600] loss: 0.124 
[22, 15800] loss: 0.055 
[22, 16000] loss: 0.088 
[22, 16200] loss: 0.054 
[22, 16400] loss: 0.080 
[22, 16600] loss: 0.054 
[22, 16800] loss: 0.112 
[22, 17000] loss: 0.028 
[22, 17200] loss: 0.141 
[22, 17400] loss: 0.081 
[22, 17600] loss: 0.070 
[22, 17800] loss: 0.014 
[22, 18000] loss: 0.060 
[22, 18200] loss: 0.063 
[22, 18400] loss: 0.046 
[22, 18600] loss: 0.089 
[23,   200] loss: 0.032 
[23,   400] loss: 0.065 
[23,   600] loss: 0.048 
[23,   800] loss: 0.097 
[23,  1000] loss: 0.065 
[23,  1200] loss: 0.048 
[23,  1400] loss: 0.101 
[23,  1600] loss: 0.055 
[23,  1800] loss: 0.028 
[23,  2000] loss: 0.124 
[23,  2200] loss: 0.005 
[23,  2400] loss: 0.007 
[23,  2600] loss: 0.007 
[23,  2800] loss: 0.034 
[23,  3000] loss: 0.053 
[23,  3200] loss: 0.051 
[23,  3400] loss: 0.005 
[23,  3600] loss: 0.007 
[23,  3800] loss: 0.032 
[23,  4000] loss: 0.004 
[23,  4200] loss: 0.069 
[23,  4400] loss: 0.174 
[23,  4600] loss: 0.066 
[23,  4800] loss: 0.063 
[23,  5000] loss: 0.072 
[23,  5200] loss: 0.071 
[23,  5400] loss: 0.083 
[23,  5600] loss: 0.039 
[23,  5800] loss: 0.126 
[23,  6000] loss: 0.013 
[23,  6200] loss: 0.036 
[23,  6400] loss: 0.048 
[23,  6600] loss: 0.030 
[23,  6800] loss: 0.046 
[23,  7000] loss: 0.009 
[23,  7200] loss: 0.057 
[23,  7400] loss: 0.035 
[23,  7600] loss: 0.106 
[23,  7800] loss: 0.070 
[23,  8000] loss: 0.067 
[23,  8200] loss: 0.062 
[23,  8400] loss: 0.052 
[23,  8600] loss: 0.051 
[23,  8800] loss: 0.103 
[23,  9000] loss: 0.075 
[23,  9200] loss: 0.017 
[23,  9400] loss: 0.208 
[23,  9600] loss: 0.011 
[23,  9800] loss: 0.049 
[23, 10000] loss: 0.158 
[23, 10200] loss: 0.011 
[23, 10400] loss: 0.044 
[23, 10600] loss: 0.045 
[23, 10800] loss: 0.026 
[23, 11000] loss: 0.001 
[23, 11200] loss: 0.110 
[23, 11400] loss: 0.037 
[23, 11600] loss: 0.011 
[23, 11800] loss: 0.066 
[23, 12000] loss: 0.110 
[23, 12200] loss: 0.097 
[23, 12400] loss: 0.038 
[23, 12600] loss: 0.049 
[23, 12800] loss: 0.029 
[23, 13000] loss: 0.004 
[23, 13200] loss: 0.238 
[23, 13400] loss: 0.029 
[23, 13600] loss: 0.007 
[23, 13800] loss: 0.032 
[23, 14000] loss: 0.042 
[23, 14200] loss: 0.064 
[23, 14400] loss: 0.112 
[23, 14600] loss: 0.049 
[23, 14800] loss: 0.073 
[23, 15000] loss: 0.102 
[23, 15200] loss: 0.113 
[23, 15400] loss: 0.135 
[23, 15600] loss: 0.016 
[23, 15800] loss: 0.130 
[23, 16000] loss: 0.032 
[23, 16200] loss: 0.095 
[23, 16400] loss: 0.006 
[23, 16600] loss: 0.020 
[23, 16800] loss: 0.003 
[23, 17000] loss: 0.071 
[23, 17200] loss: 0.060 
[23, 17400] loss: 0.118 
[23, 17600] loss: 0.024 
[23, 17800] loss: 0.059 
[23, 18000] loss: 0.007 
[23, 18200] loss: 0.097 
[23, 18400] loss: 0.038 
[23, 18600] loss: 0.021 
[24,   200] loss: 0.048 
[24,   400] loss: 0.039 
[24,   600] loss: 0.098 
[24,   800] loss: 0.059 
[24,  1000] loss: 0.011 
[24,  1200] loss: 0.028 
[24,  1400] loss: 0.027 
[24,  1600] loss: 0.043 
[24,  1800] loss: 0.007 
[24,  2000] loss: 0.011 
[24,  2200] loss: 0.057 
[24,  2400] loss: 0.038 
[24,  2600] loss: 0.103 
[24,  2800] loss: 0.017 
[24,  3000] loss: 0.012 
[24,  3200] loss: 0.089 
[24,  3400] loss: 0.036 
[24,  3600] loss: 0.048 
[24,  3800] loss: 0.094 
[24,  4000] loss: 0.023 
[24,  4200] loss: 0.096 
[24,  4400] loss: 0.033 
[24,  4600] loss: 0.095 
[24,  4800] loss: 0.028 
[24,  5000] loss: 0.063 
[24,  5200] loss: 0.040 
[24,  5400] loss: 0.016 
[24,  5600] loss: 0.103 
[24,  5800] loss: 0.040 
[24,  6000] loss: 0.120 
[24,  6200] loss: 0.018 
[24,  6400] loss: 0.055 
[24,  6600] loss: 0.011 
[24,  6800] loss: 0.020 
[24,  7000] loss: 0.031 
[24,  7200] loss: 0.008 
[24,  7400] loss: 0.092 
[24,  7600] loss: 0.033 
[24,  7800] loss: 0.048 
[24,  8000] loss: 0.101 
[24,  8200] loss: 0.077 
[24,  8400] loss: 0.027 
[24,  8600] loss: 0.005 
[24,  8800] loss: 0.101 
[24,  9000] loss: 0.113 
[24,  9200] loss: 0.007 
[24,  9400] loss: 0.030 
[24,  9600] loss: 0.032 
[24,  9800] loss: 0.051 
[24, 10000] loss: 0.005 
[24, 10200] loss: 0.013 
[24, 10400] loss: 0.013 
[24, 10600] loss: 0.061 
[24, 10800] loss: 0.071 
[24, 11000] loss: 0.024 
[24, 11200] loss: 0.038 
[24, 11400] loss: 0.003 
[24, 11600] loss: 0.108 
[24, 11800] loss: 0.031 
[24, 12000] loss: 0.008 
[24, 12200] loss: 0.034 
[24, 12400] loss: 0.045 
[24, 12600] loss: 0.097 
[24, 12800] loss: 0.044 
[24, 13000] loss: 0.044 
[24, 13200] loss: 0.004 
[24, 13400] loss: 0.045 
[24, 13600] loss: 0.032 
[24, 13800] loss: 0.129 
[24, 14000] loss: 0.025 
[24, 14200] loss: 0.042 
[24, 14400] loss: 0.161 
[24, 14600] loss: 0.028 
[24, 14800] loss: 0.014 
[24, 15000] loss: 0.053 
[24, 15200] loss: 0.063 
[24, 15400] loss: 0.025 
[24, 15600] loss: 0.108 
[24, 15800] loss: 0.044 
[24, 16000] loss: 0.065 
[24, 16200] loss: 0.171 
[24, 16400] loss: 0.040 
[24, 16600] loss: 0.113 
[24, 16800] loss: 0.047 
[24, 17000] loss: 0.047 
[24, 17200] loss: 0.008 
[24, 17400] loss: 0.023 
[24, 17600] loss: 0.069 
[24, 17800] loss: 0.203 
[24, 18000] loss: 0.014 
[24, 18200] loss: 0.052 
[24, 18400] loss: 0.077 
[24, 18600] loss: 0.014 
[25,   200] loss: 0.030 
[25,   400] loss: 0.018 
[25,   600] loss: 0.062 
[25,   800] loss: 0.055 
[25,  1000] loss: 0.013 
[25,  1200] loss: 0.029 
[25,  1400] loss: 0.033 
[25,  1600] loss: 0.040 
[25,  1800] loss: 0.081 
[25,  2000] loss: 0.184 
[25,  2200] loss: 0.001 
[25,  2400] loss: 0.039 
[25,  2600] loss: 0.104 
[25,  2800] loss: 0.032 
[25,  3000] loss: 0.008 
[25,  3200] loss: 0.022 
[25,  3400] loss: 0.047 
[25,  3600] loss: 0.024 
[25,  3800] loss: 0.035 
[25,  4000] loss: 0.010 
[25,  4200] loss: 0.010 
[25,  4400] loss: 0.026 
[25,  4600] loss: 0.101 
[25,  4800] loss: 0.019 
[25,  5000] loss: 0.027 
[25,  5200] loss: 0.099 
[25,  5400] loss: 0.020 
[25,  5600] loss: 0.053 
[25,  5800] loss: 0.046 
[25,  6000] loss: 0.035 
[25,  6200] loss: 0.012 
[25,  6400] loss: 0.021 
[25,  6600] loss: 0.015 
[25,  6800] loss: 0.027 
[25,  7000] loss: 0.094 
[25,  7200] loss: 0.032 
[25,  7400] loss: 0.051 
[25,  7600] loss: 0.047 
[25,  7800] loss: 0.012 
[25,  8000] loss: 0.109 
[25,  8200] loss: 0.025 
[25,  8400] loss: 0.049 
[25,  8600] loss: 0.016 
[25,  8800] loss: 0.037 
[25,  9000] loss: 0.038 
[25,  9200] loss: 0.023 
[25,  9400] loss: 0.016 
[25,  9600] loss: 0.018 
[25,  9800] loss: 0.089 
[25, 10000] loss: 0.021 
[25, 10200] loss: 0.041 
[25, 10400] loss: 0.069 
[25, 10600] loss: 0.039 
[25, 10800] loss: 0.021 
[25, 11000] loss: 0.081 
[25, 11200] loss: 0.096 
[25, 11400] loss: 0.013 
[25, 11600] loss: 0.021 
[25, 11800] loss: 0.184 
[25, 12000] loss: 0.057 
[25, 12200] loss: 0.139 
[25, 12400] loss: 0.016 
[25, 12600] loss: 0.021 
[25, 12800] loss: 0.007 
[25, 13000] loss: 0.060 
[25, 13200] loss: 0.048 
[25, 13400] loss: 0.046 
[25, 13600] loss: 0.052 
[25, 13800] loss: 0.052 
[25, 14000] loss: 0.039 
[25, 14200] loss: 0.018 
[25, 14400] loss: 0.008 
[25, 14600] loss: 0.183 
[25, 14800] loss: 0.077 
[25, 15000] loss: 0.016 
[25, 15200] loss: 0.141 
[25, 15400] loss: 0.017 
[25, 15600] loss: 0.056 
[25, 15800] loss: 0.017 
[25, 16000] loss: 0.064 
[25, 16200] loss: 0.006 
[25, 16400] loss: 0.093 
[25, 16600] loss: 0.063 
[25, 16800] loss: 0.116 
[25, 17000] loss: 0.044 
[25, 17200] loss: 0.009 
[25, 17400] loss: 0.039 
[25, 17600] loss: 0.145 
[25, 17800] loss: 0.028 
[25, 18000] loss: 0.086 
[25, 18200] loss: 0.066 
[25, 18400] loss: 0.070 
[25, 18600] loss: 0.025 
[26,   200] loss: 0.049 
[26,   400] loss: 0.015 
[26,   600] loss: 0.019 
[26,   800] loss: 0.025 
[26,  1000] loss: 0.104 
[26,  1200] loss: 0.111 
[26,  1400] loss: 0.014 
[26,  1600] loss: 0.005 
[26,  1800] loss: 0.000 
[26,  2000] loss: 0.077 
[26,  2200] loss: 0.077 
[26,  2400] loss: 0.010 
[26,  2600] loss: 0.079 
[26,  2800] loss: 0.017 
[26,  3000] loss: 0.087 
[26,  3200] loss: 0.100 
[26,  3400] loss: 0.023 
[26,  3600] loss: 0.143 
[26,  3800] loss: 0.096 
[26,  4000] loss: 0.040 
[26,  4200] loss: 0.028 
[26,  4400] loss: 0.038 
[26,  4600] loss: 0.012 
[26,  4800] loss: 0.005 
[26,  5000] loss: 0.023 
[26,  5200] loss: 0.017 
[26,  5400] loss: 0.012 
[26,  5600] loss: 0.112 
[26,  5800] loss: 0.028 
[26,  6000] loss: 0.115 
[26,  6200] loss: 0.009 
[26,  6400] loss: 0.027 
[26,  6600] loss: 0.025 
[26,  6800] loss: 0.037 
[26,  7000] loss: 0.002 
[26,  7200] loss: 0.023 
[26,  7400] loss: 0.126 
[26,  7600] loss: 0.048 
[26,  7800] loss: 0.002 
[26,  8000] loss: 0.008 
[26,  8200] loss: 0.028 
[26,  8400] loss: 0.002 
[26,  8600] loss: 0.002 
[26,  8800] loss: 0.006 
[26,  9000] loss: 0.006 
[26,  9200] loss: 0.063 
[26,  9400] loss: 0.024 
[26,  9600] loss: 0.012 
[26,  9800] loss: 0.005 
[26, 10000] loss: 0.013 
[26, 10200] loss: 0.008 
[26, 10400] loss: 0.070 
[26, 10600] loss: 0.012 
[26, 10800] loss: 0.026 
[26, 11000] loss: 0.026 
[26, 11200] loss: 0.015 
[26, 11400] loss: 0.010 
[26, 11600] loss: 0.056 
[26, 11800] loss: 0.011 
[26, 12000] loss: 0.059 
[26, 12200] loss: 0.003 
[26, 12400] loss: 0.094 
[26, 12600] loss: 0.039 
[26, 12800] loss: 0.078 
[26, 13000] loss: 0.046 
[26, 13200] loss: 0.025 
[26, 13400] loss: 0.037 
[26, 13600] loss: 0.042 
[26, 13800] loss: 0.021 
[26, 14000] loss: 0.036 
[26, 14200] loss: 0.009 
[26, 14400] loss: 0.012 
[26, 14600] loss: 0.026 
[26, 14800] loss: 0.054 
[26, 15000] loss: 0.003 
[26, 15200] loss: 0.065 
[26, 15400] loss: 0.089 
[26, 15600] loss: 0.021 
[26, 15800] loss: 0.007 
[26, 16000] loss: 0.037 
[26, 16200] loss: 0.139 
[26, 16400] loss: 0.103 
[26, 16600] loss: 0.056 
[26, 16800] loss: 0.047 
[26, 17000] loss: 0.023 
[26, 17200] loss: 0.056 
[26, 17400] loss: 0.075 
[26, 17600] loss: 0.082 
[26, 17800] loss: 0.097 
[26, 18000] loss: 0.018 
[26, 18200] loss: 0.073 
[26, 18400] loss: 0.031 
[26, 18600] loss: 0.070 
[27,   200] loss: 0.009 
[27,   400] loss: 0.014 
[27,   600] loss: 0.002 
[27,   800] loss: 0.002 
[27,  1000] loss: 0.019 
[27,  1200] loss: 0.001 
[27,  1400] loss: 0.110 
[27,  1600] loss: 0.051 
[27,  1800] loss: 0.080 
[27,  2000] loss: 0.077 
[27,  2200] loss: 0.014 
[27,  2400] loss: 0.041 
[27,  2600] loss: 0.023 
[27,  2800] loss: 0.049 
[27,  3000] loss: 0.003 
[27,  3200] loss: 0.057 
[27,  3400] loss: 0.001 
[27,  3600] loss: 0.032 
[27,  3800] loss: 0.016 
[27,  4000] loss: 0.186 
[27,  4200] loss: 0.004 
[27,  4400] loss: 0.027 
[27,  4600] loss: 0.001 
[27,  4800] loss: 0.025 
[27,  5000] loss: 0.044 
[27,  5200] loss: 0.077 
[27,  5400] loss: 0.008 
[27,  5600] loss: 0.062 
[27,  5800] loss: 0.048 
[27,  6000] loss: 0.095 
[27,  6200] loss: 0.030 
[27,  6400] loss: 0.055 
[27,  6600] loss: 0.084 
[27,  6800] loss: 0.069 
[27,  7000] loss: 0.053 
[27,  7200] loss: 0.012 
[27,  7400] loss: 0.046 
[27,  7600] loss: 0.006 
[27,  7800] loss: 0.039 
[27,  8000] loss: 0.013 
[27,  8200] loss: 0.031 
[27,  8400] loss: 0.106 
[27,  8600] loss: 0.014 
[27,  8800] loss: 0.063 
[27,  9000] loss: 0.022 
[27,  9200] loss: 0.112 
[27,  9400] loss: 0.005 
[27,  9600] loss: 0.028 
[27,  9800] loss: 0.008 
[27, 10000] loss: 0.086 
[27, 10200] loss: 0.092 
[27, 10400] loss: 0.023 
[27, 10600] loss: 0.011 
[27, 10800] loss: 0.015 
[27, 11000] loss: 0.005 
[27, 11200] loss: 0.064 
[27, 11400] loss: 0.038 
[27, 11600] loss: 0.022 
[27, 11800] loss: 0.027 
[27, 12000] loss: 0.177 
[27, 12200] loss: 0.018 
[27, 12400] loss: 0.042 
[27, 12600] loss: 0.011 
[27, 12800] loss: 0.003 
[27, 13000] loss: 0.050 
[27, 13200] loss: 0.021 
[27, 13400] loss: 0.052 
[27, 13600] loss: 0.002 
[27, 13800] loss: 0.123 
[27, 14000] loss: 0.037 
[27, 14200] loss: 0.044 
[27, 14400] loss: 0.066 
[27, 14600] loss: 0.042 
[27, 14800] loss: 0.183 
[27, 15000] loss: 0.012 
[27, 15200] loss: 0.048 
[27, 15400] loss: 0.008 
[27, 15600] loss: 0.004 
[27, 15800] loss: 0.007 
[27, 16000] loss: 0.108 
[27, 16200] loss: 0.012 
[27, 16400] loss: 0.028 
[27, 16600] loss: 0.043 
[27, 16800] loss: 0.097 
[27, 17000] loss: 0.037 
[27, 17200] loss: 0.014 
[27, 17400] loss: 0.039 
[27, 17600] loss: 0.051 
[27, 17800] loss: 0.078 
[27, 18000] loss: 0.047 
[27, 18200] loss: 0.078 
[27, 18400] loss: 0.037 
[27, 18600] loss: 0.107 
[28,   200] loss: 0.046 
[28,   400] loss: 0.001 
[28,   600] loss: 0.009 
[28,   800] loss: 0.029 
[28,  1000] loss: 0.023 
[28,  1200] loss: 0.004 
[28,  1400] loss: 0.018 
[28,  1600] loss: 0.053 
[28,  1800] loss: 0.003 
[28,  2000] loss: 0.045 
[28,  2200] loss: 0.008 
[28,  2400] loss: 0.000 
[28,  2600] loss: 0.008 
[28,  2800] loss: 0.043 
[28,  3000] loss: 0.032 
[28,  3200] loss: 0.034 
[28,  3400] loss: 0.003 
[28,  3600] loss: 0.010 
[28,  3800] loss: 0.030 
[28,  4000] loss: 0.028 
[28,  4200] loss: 0.094 
[28,  4400] loss: 0.007 
[28,  4600] loss: 0.011 
[28,  4800] loss: 0.001 
[28,  5000] loss: 0.003 
[28,  5200] loss: 0.005 
[28,  5400] loss: 0.002 
[28,  5600] loss: 0.071 
[28,  5800] loss: 0.004 
[28,  6000] loss: 0.022 
[28,  6200] loss: 0.001 
[28,  6400] loss: 0.012 
[28,  6600] loss: 0.001 
[28,  6800] loss: 0.003 
[28,  7000] loss: 0.018 
[28,  7200] loss: 0.033 
[28,  7400] loss: 0.012 
[28,  7600] loss: 0.043 
[28,  7800] loss: 0.017 
[28,  8000] loss: 0.003 
[28,  8200] loss: 0.003 
[28,  8400] loss: 0.008 
[28,  8600] loss: 0.020 
[28,  8800] loss: 0.014 
[28,  9000] loss: 0.014 
[28,  9200] loss: 0.022 
[28,  9400] loss: 0.048 
[28,  9600] loss: 0.001 
[28,  9800] loss: 0.055 
[28, 10000] loss: 0.195 
[28, 10200] loss: 0.018 
[28, 10400] loss: 0.030 
[28, 10600] loss: 0.002 
[28, 10800] loss: 0.013 
[28, 11000] loss: 0.015 
[28, 11200] loss: 0.005 
[28, 11400] loss: 0.023 
[28, 11600] loss: 0.010 
[28, 11800] loss: 0.077 
[28, 12000] loss: 0.004 
[28, 12200] loss: 0.010 
[28, 12400] loss: 0.097 
[28, 12600] loss: 0.010 
[28, 12800] loss: 0.013 
[28, 13000] loss: 0.018 
[28, 13200] loss: 0.001 
[28, 13400] loss: 0.019 
[28, 13600] loss: 0.003 
[28, 13800] loss: 0.026 
[28, 14000] loss: 0.153 
[28, 14200] loss: 0.101 
[28, 14400] loss: 0.027 
[28, 14600] loss: 0.056 
[28, 14800] loss: 0.027 
[28, 15000] loss: 0.029 
[28, 15200] loss: 0.003 
[28, 15400] loss: 0.048 
[28, 15600] loss: 0.040 
[28, 15800] loss: 0.024 
[28, 16000] loss: 0.042 
[28, 16200] loss: 0.054 
[28, 16400] loss: 0.089 
[28, 16600] loss: 0.082 
[28, 16800] loss: 0.111 
[28, 17000] loss: 0.152 
[28, 17200] loss: 0.028 
[28, 17400] loss: 0.009 
[28, 17600] loss: 0.020 
[28, 17800] loss: 0.008 
[28, 18000] loss: 0.013 
[28, 18200] loss: 0.044 
[28, 18400] loss: 0.050 
[28, 18600] loss: 0.031 
[29,   200] loss: 0.001 
[29,   400] loss: 0.057 
[29,   600] loss: 0.007 
[29,   800] loss: 0.013 
[29,  1000] loss: 0.004 
[29,  1200] loss: 0.051 
[29,  1400] loss: 0.145 
[29,  1600] loss: 0.018 
[29,  1800] loss: 0.028 
[29,  2000] loss: 0.017 
[29,  2200] loss: 0.003 
[29,  2400] loss: 0.009 
[29,  2600] loss: 0.026 
[29,  2800] loss: 0.069 
[29,  3000] loss: 0.005 
[29,  3200] loss: 0.004 
[29,  3400] loss: 0.009 
[29,  3600] loss: 0.100 
[29,  3800] loss: 0.015 
[29,  4000] loss: 0.001 
[29,  4200] loss: 0.005 
[29,  4400] loss: 0.001 
[29,  4600] loss: 0.009 
[29,  4800] loss: 0.008 
[29,  5000] loss: 0.005 
[29,  5200] loss: 0.007 
[29,  5400] loss: 0.129 
[29,  5600] loss: 0.025 
[29,  5800] loss: 0.006 
[29,  6000] loss: 0.021 
[29,  6200] loss: 0.012 
[29,  6400] loss: 0.030 
[29,  6600] loss: 0.017 
[29,  6800] loss: 0.062 
[29,  7000] loss: 0.001 
[29,  7200] loss: 0.056 
[29,  7400] loss: 0.020 
[29,  7600] loss: 0.014 
[29,  7800] loss: 0.111 
[29,  8000] loss: 0.167 
[29,  8200] loss: 0.019 
[29,  8400] loss: 0.049 
[29,  8600] loss: 0.031 
[29,  8800] loss: 0.010 
[29,  9000] loss: 0.006 
[29,  9200] loss: 0.004 
[29,  9400] loss: 0.029 
[29,  9600] loss: 0.117 
[29,  9800] loss: 0.012 
[29, 10000] loss: 0.004 
[29, 10200] loss: 0.023 
[29, 10400] loss: 0.038 
[29, 10600] loss: 0.100 
[29, 10800] loss: 0.016 
[29, 11000] loss: 0.069 
[29, 11200] loss: 0.114 
[29, 11400] loss: 0.003 
[29, 11600] loss: 0.019 
[29, 11800] loss: 0.084 
[29, 12000] loss: 0.011 
[29, 12200] loss: 0.128 
[29, 12400] loss: 0.031 
[29, 12600] loss: 0.038 
[29, 12800] loss: 0.005 
[29, 13000] loss: 0.030 
[29, 13200] loss: 0.001 
[29, 13400] loss: 0.008 
[29, 13600] loss: 0.039 
[29, 13800] loss: 0.055 
[29, 14000] loss: 0.073 
[29, 14200] loss: 0.006 
[29, 14400] loss: 0.115 
[29, 14600] loss: 0.005 
[29, 14800] loss: 0.035 
[29, 15000] loss: 0.010 
[29, 15200] loss: 0.097 
[29, 15400] loss: 0.015 
[29, 15600] loss: 0.012 
[29, 15800] loss: 0.002 
[29, 16000] loss: 0.033 
[29, 16200] loss: 0.006 
[29, 16400] loss: 0.037 
[29, 16600] loss: 0.000 
[29, 16800] loss: 0.030 
[29, 17000] loss: 0.012 
[29, 17200] loss: 0.125 
[29, 17400] loss: 0.171 
[29, 17600] loss: 0.173 
[29, 17800] loss: 0.009 
[29, 18000] loss: 0.036 
[29, 18200] loss: 0.012 
[29, 18400] loss: 0.027 
[29, 18600] loss: 0.109 
[30,   200] loss: 0.061 
[30,   400] loss: 0.012 
[30,   600] loss: 0.053 
[30,   800] loss: 0.002 
[30,  1000] loss: 0.018 
[30,  1200] loss: 0.059 
[30,  1400] loss: 0.016 
[30,  1600] loss: 0.092 
[30,  1800] loss: 0.027 
[30,  2000] loss: 0.002 
[30,  2200] loss: 0.009 
[30,  2400] loss: 0.129 
[30,  2600] loss: 0.127 
[30,  2800] loss: 0.007 
[30,  3000] loss: 0.031 
[30,  3200] loss: 0.011 
[30,  3400] loss: 0.001 
[30,  3600] loss: 0.008 
[30,  3800] loss: 0.003 
[30,  4000] loss: 0.003 
[30,  4200] loss: 0.016 
[30,  4400] loss: 0.005 
[30,  4600] loss: 0.007 
[30,  4800] loss: 0.002 
[30,  5000] loss: 0.009 
[30,  5200] loss: 0.118 
[30,  5400] loss: 0.014 
[30,  5600] loss: 0.001 
[30,  5800] loss: 0.000 
[30,  6000] loss: 0.022 
[30,  6200] loss: 0.047 
[30,  6400] loss: 0.002 
[30,  6600] loss: 0.054 
[30,  6800] loss: 0.031 
[30,  7000] loss: 0.043 
[30,  7200] loss: 0.246 
[30,  7400] loss: 0.016 
[30,  7600] loss: 0.148 
[30,  7800] loss: 0.013 
[30,  8000] loss: 0.007 
[30,  8200] loss: 0.031 
[30,  8400] loss: 0.115 
[30,  8600] loss: 0.015 
[30,  8800] loss: 0.023 
[30,  9000] loss: 0.013 
[30,  9200] loss: 0.021 
[30,  9400] loss: 0.051 
[30,  9600] loss: 0.017 
[30,  9800] loss: 0.018 
[30, 10000] loss: 0.132 
[30, 10200] loss: 0.038 
[30, 10400] loss: 0.066 
[30, 10600] loss: 0.006 
[30, 10800] loss: 0.063 
[30, 11000] loss: 0.027 
[30, 11200] loss: 0.014 
[30, 11400] loss: 0.182 
[30, 11600] loss: 0.057 
[30, 11800] loss: 0.032 
[30, 12000] loss: 0.069 
[30, 12200] loss: 0.022 
[30, 12400] loss: 0.054 
[30, 12600] loss: 0.038 
[30, 12800] loss: 0.004 
[30, 13000] loss: 0.059 
[30, 13200] loss: 0.018 
[30, 13400] loss: 0.062 
[30, 13600] loss: 0.060 
[30, 13800] loss: 0.021 
[30, 14000] loss: 0.202 
[30, 14200] loss: 0.020 
[30, 14400] loss: 0.013 
[30, 14600] loss: 0.004 
[30, 14800] loss: 0.018 
[30, 15000] loss: 0.011 
[30, 15200] loss: 0.166 
[30, 15400] loss: 0.043 
[30, 15600] loss: 0.048 
[30, 15800] loss: 0.076 
[30, 16000] loss: 0.025 
[30, 16200] loss: 0.050 
[30, 16400] loss: 0.006 
[30, 16600] loss: 0.066 
[30, 16800] loss: 0.029 
[30, 17000] loss: 0.003 
[30, 17200] loss: 0.003 
[30, 17400] loss: 0.011 
[30, 17600] loss: 0.056 
[30, 17800] loss: 0.021 
[30, 18000] loss: 0.033 
[30, 18200] loss: 0.004 
[30, 18400] loss: 0.036 
[30, 18600] loss: 0.012 
[31,   200] loss: 0.002 
[31,   400] loss: 0.013 
[31,   600] loss: 0.069 
[31,   800] loss: 0.029 
[31,  1000] loss: 0.102 
[31,  1200] loss: 0.005 
[31,  1400] loss: 0.012 
[31,  1600] loss: 0.021 
[31,  1800] loss: 0.042 
[31,  2000] loss: 0.014 
[31,  2200] loss: 0.017 
[31,  2400] loss: 0.010 
[31,  2600] loss: 0.006 
[31,  2800] loss: 0.006 
[31,  3000] loss: 0.017 
[31,  3200] loss: 0.016 
[31,  3400] loss: 0.001 
[31,  3600] loss: 0.021 
[31,  3800] loss: 0.009 
[31,  4000] loss: 0.014 
[31,  4200] loss: 0.015 
[31,  4400] loss: 0.086 
[31,  4600] loss: 0.024 
[31,  4800] loss: 0.002 
[31,  5000] loss: 0.001 
[31,  5200] loss: 0.036 
[31,  5400] loss: 0.006 
[31,  5600] loss: 0.010 
[31,  5800] loss: 0.036 
[31,  6000] loss: 0.027 
[31,  6200] loss: 0.001 
[31,  6400] loss: 0.001 
[31,  6600] loss: 0.017 
[31,  6800] loss: 0.009 
[31,  7000] loss: 0.002 
[31,  7200] loss: 0.066 
[31,  7400] loss: 0.012 
[31,  7600] loss: 0.002 
[31,  7800] loss: 0.003 
[31,  8000] loss: 0.060 
[31,  8200] loss: 0.029 
[31,  8400] loss: 0.006 
[31,  8600] loss: 0.004 
[31,  8800] loss: 0.017 
[31,  9000] loss: 0.045 
[31,  9200] loss: 0.029 
[31,  9400] loss: 0.018 
[31,  9600] loss: 0.000 
[31,  9800] loss: 0.023 
[31, 10000] loss: 0.077 
[31, 10200] loss: 0.065 
[31, 10400] loss: 0.051 
[31, 10600] loss: 0.000 
[31, 10800] loss: 0.142 
[31, 11000] loss: 0.076 
[31, 11200] loss: 0.007 
[31, 11400] loss: 0.014 
[31, 11600] loss: 0.020 
[31, 11800] loss: 0.011 
[31, 12000] loss: 0.018 
[31, 12200] loss: 0.006 
[31, 12400] loss: 0.002 
[31, 12600] loss: 0.012 
[31, 12800] loss: 0.014 
[31, 13000] loss: 0.052 
[31, 13200] loss: 0.080 
[31, 13400] loss: 0.002 
[31, 13600] loss: 0.001 
[31, 13800] loss: 0.026 
[31, 14000] loss: 0.012 
[31, 14200] loss: 0.011 
[31, 14400] loss: 0.022 
[31, 14600] loss: 0.133 
[31, 14800] loss: 0.005 
[31, 15000] loss: 0.005 
[31, 15200] loss: 0.028 
[31, 15400] loss: 0.021 
[31, 15600] loss: 0.004 
[31, 15800] loss: 0.001 
[31, 16000] loss: 0.020 
[31, 16200] loss: 0.007 
[31, 16400] loss: 0.133 
[31, 16600] loss: 0.024 
[31, 16800] loss: 0.059 
[31, 17000] loss: 0.018 
[31, 17200] loss: 0.032 
[31, 17400] loss: 0.004 
[31, 17600] loss: 0.035 
[31, 17800] loss: 0.028 
[31, 18000] loss: 0.004 
[31, 18200] loss: 0.034 
[31, 18400] loss: 0.032 
[31, 18600] loss: 0.016 
