[0,   200] loss: 1.141 
[0,   400] loss: 0.992 
[0,   600] loss: 0.785 
[0,   800] loss: 1.003 
[0,  1000] loss: 0.608 
[0,  1200] loss: 0.721 
[0,  1400] loss: 0.567 
[0,  1600] loss: 0.813 
[0,  1800] loss: 0.464 
[0,  2000] loss: 0.482 
[0,  2200] loss: 0.560 
[0,  2400] loss: 0.467 
[0,  2600] loss: 0.357 
[0,  2800] loss: 0.597 
[0,  3000] loss: 0.422 
[0,  3200] loss: 0.403 
[0,  3400] loss: 0.464 
[0,  3600] loss: 0.430 
[0,  3800] loss: 0.429 
[0,  4000] loss: 0.386 
[0,  4200] loss: 0.777 
[0,  4400] loss: 1.102 
[0,  4600] loss: 0.518 
[0,  4800] loss: 0.352 
[0,  5000] loss: 0.622 
[0,  5200] loss: 0.324 
[0,  5400] loss: 0.519 
[0,  5600] loss: 1.081 
[0,  5800] loss: 0.268 
[0,  6000] loss: 0.241 
[0,  6200] loss: 0.385 
[0,  6400] loss: 0.784 
[0,  6600] loss: 0.730 
[0,  6800] loss: 0.345 
[0,  7000] loss: 0.390 
[0,  7200] loss: 0.487 
[0,  7400] loss: 0.540 
[0,  7600] loss: 0.336 
[0,  7800] loss: 0.477 
[0,  8000] loss: 0.322 
[0,  8200] loss: 0.266 
[0,  8400] loss: 0.844 
[0,  8600] loss: 0.406 
[0,  8800] loss: 0.821 
[0,  9000] loss: 0.488 
[0,  9200] loss: 0.609 
[0,  9400] loss: 0.538 
[0,  9600] loss: 0.451 
[0,  9800] loss: 0.818 
[0, 10000] loss: 0.932 
[0, 10200] loss: 0.494 
[0, 10400] loss: 0.708 
[0, 10600] loss: 0.646 
[0, 10800] loss: 0.486 
[0, 11000] loss: 0.636 
[0, 11200] loss: 0.540 
[0, 11400] loss: 0.224 
[0, 11600] loss: 0.186 
[0, 11800] loss: 0.229 
[0, 12000] loss: 0.278 
[0, 12200] loss: 0.279 
[0, 12400] loss: 0.476 
[0, 12600] loss: 0.347 
[0, 12800] loss: 0.424 
[0, 13000] loss: 0.632 
[0, 13200] loss: 0.774 
[0, 13400] loss: 0.504 
[0, 13600] loss: 0.346 
[0, 13800] loss: 0.292 
[0, 14000] loss: 0.381 
[0, 14200] loss: 0.331 
[0, 14400] loss: 0.311 
[0, 14600] loss: 0.455 
[0, 14800] loss: 0.290 
[0, 15000] loss: 0.551 
[0, 15200] loss: 0.490 
[0, 15400] loss: 0.472 
[0, 15600] loss: 0.652 
[0, 15800] loss: 0.443 
[0, 16000] loss: 0.694 
[0, 16200] loss: 0.199 
[0, 16400] loss: 0.221 
[0, 16600] loss: 0.197 
[0, 16800] loss: 0.438 
[0, 17000] loss: 0.219 
[0, 17200] loss: 0.299 
[0, 17400] loss: 0.116 
[0, 17600] loss: 0.292 
[0, 17800] loss: 0.289 
[0, 18000] loss: 0.342 
[0, 18200] loss: 0.200 
[0, 18400] loss: 0.452 
[0, 18600] loss: 0.273 
[1,   200] loss: 0.360 
[1,   400] loss: 0.771 
[1,   600] loss: 0.211 
[1,   800] loss: 0.390 
[1,  1000] loss: 0.544 
[1,  1200] loss: 0.415 
[1,  1400] loss: 0.143 
[1,  1600] loss: 0.169 
[1,  1800] loss: 0.344 
[1,  2000] loss: 0.310 
[1,  2200] loss: 0.245 
[1,  2400] loss: 0.354 
[1,  2600] loss: 0.193 
[1,  2800] loss: 0.641 
[1,  3000] loss: 0.221 
[1,  3200] loss: 0.431 
[1,  3400] loss: 0.502 
[1,  3600] loss: 0.273 
[1,  3800] loss: 0.489 
[1,  4000] loss: 0.278 
[1,  4200] loss: 0.482 
[1,  4400] loss: 0.352 
[1,  4600] loss: 0.447 
[1,  4800] loss: 0.264 
[1,  5000] loss: 0.229 
[1,  5200] loss: 0.097 
[1,  5400] loss: 0.645 
[1,  5600] loss: 0.904 
[1,  5800] loss: 0.614 
[1,  6000] loss: 0.592 
[1,  6200] loss: 0.290 
[1,  6400] loss: 0.378 
[1,  6600] loss: 0.315 
[1,  6800] loss: 0.285 
[1,  7000] loss: 0.377 
[1,  7200] loss: 0.289 
[1,  7400] loss: 0.272 
[1,  7600] loss: 0.420 
[1,  7800] loss: 0.325 
[1,  8000] loss: 0.264 
[1,  8200] loss: 0.402 
[1,  8400] loss: 0.293 
[1,  8600] loss: 0.413 
[1,  8800] loss: 0.254 
[1,  9000] loss: 0.233 
[1,  9200] loss: 0.735 
[1,  9400] loss: 0.129 
[1,  9600] loss: 0.311 
[1,  9800] loss: 0.230 
[1, 10000] loss: 0.419 
[1, 10200] loss: 0.208 
[1, 10400] loss: 0.377 
[1, 10600] loss: 0.186 
[1, 10800] loss: 0.413 
[1, 11000] loss: 0.416 
[1, 11200] loss: 0.150 
[1, 11400] loss: 0.250 
[1, 11600] loss: 0.369 
[1, 11800] loss: 0.190 
[1, 12000] loss: 0.183 
[1, 12200] loss: 0.456 
[1, 12400] loss: 0.303 
[1, 12600] loss: 0.255 
[1, 12800] loss: 0.221 
[1, 13000] loss: 0.356 
[1, 13200] loss: 0.272 
[1, 13400] loss: 0.246 
[1, 13600] loss: 0.340 
[1, 13800] loss: 0.398 
[1, 14000] loss: 0.436 
[1, 14200] loss: 0.230 
[1, 14400] loss: 0.237 
[1, 14600] loss: 0.310 
[1, 14800] loss: 0.443 
[1, 15000] loss: 0.402 
[1, 15200] loss: 0.720 
[1, 15400] loss: 0.318 
[1, 15600] loss: 0.294 
[1, 15800] loss: 0.460 
[1, 16000] loss: 0.248 
[1, 16200] loss: 0.325 
[1, 16400] loss: 0.247 
[1, 16600] loss: 0.857 
[1, 16800] loss: 0.299 
[1, 17000] loss: 0.285 
[1, 17200] loss: 0.399 
[1, 17400] loss: 0.205 
[1, 17600] loss: 0.243 
[1, 17800] loss: 0.114 
[1, 18000] loss: 0.289 
[1, 18200] loss: 0.456 
[1, 18400] loss: 0.442 
[1, 18600] loss: 0.418 
[2,   200] loss: 0.391 
[2,   400] loss: 0.292 
[2,   600] loss: 0.402 
[2,   800] loss: 0.226 
[2,  1000] loss: 0.497 
[2,  1200] loss: 0.240 
[2,  1400] loss: 0.436 
[2,  1600] loss: 0.310 
[2,  1800] loss: 0.374 
[2,  2000] loss: 0.362 
[2,  2200] loss: 0.661 
[2,  2400] loss: 0.260 
[2,  2600] loss: 0.288 
[2,  2800] loss: 0.481 
[2,  3000] loss: 0.137 
[2,  3200] loss: 0.150 
[2,  3400] loss: 0.551 
[2,  3600] loss: 0.546 
[2,  3800] loss: 0.405 
[2,  4000] loss: 0.416 
[2,  4200] loss: 0.177 
[2,  4400] loss: 0.327 
[2,  4600] loss: 0.674 
[2,  4800] loss: 0.271 
[2,  5000] loss: 0.472 
[2,  5200] loss: 0.429 
[2,  5400] loss: 0.379 
[2,  5600] loss: 0.298 
[2,  5800] loss: 0.708 
[2,  6000] loss: 0.251 
[2,  6200] loss: 0.568 
[2,  6400] loss: 0.223 
[2,  6600] loss: 0.273 
[2,  6800] loss: 0.327 
[2,  7000] loss: 0.472 
[2,  7200] loss: 0.162 
[2,  7400] loss: 0.274 
[2,  7600] loss: 0.229 
[2,  7800] loss: 0.199 
[2,  8000] loss: 0.202 
[2,  8200] loss: 0.598 
[2,  8400] loss: 0.346 
[2,  8600] loss: 0.419 
[2,  8800] loss: 0.316 
[2,  9000] loss: 0.305 
[2,  9200] loss: 0.435 
[2,  9400] loss: 0.149 
[2,  9600] loss: 0.341 
[2,  9800] loss: 0.286 
[2, 10000] loss: 0.233 
[2, 10200] loss: 0.563 
[2, 10400] loss: 0.431 
[2, 10600] loss: 0.066 
[2, 10800] loss: 0.317 
[2, 11000] loss: 0.424 
[2, 11200] loss: 0.440 
[2, 11400] loss: 0.219 
[2, 11600] loss: 0.506 
[2, 11800] loss: 0.262 
[2, 12000] loss: 0.271 
[2, 12200] loss: 0.238 
[2, 12400] loss: 0.246 
[2, 12600] loss: 0.372 
[2, 12800] loss: 0.377 
[2, 13000] loss: 0.200 
[2, 13200] loss: 0.194 
[2, 13400] loss: 0.196 
[2, 13600] loss: 0.642 
[2, 13800] loss: 0.245 
[2, 14000] loss: 0.192 
[2, 14200] loss: 0.256 
[2, 14400] loss: 0.204 
[2, 14600] loss: 0.482 
[2, 14800] loss: 0.619 
[2, 15000] loss: 0.295 
[2, 15200] loss: 0.489 
[2, 15400] loss: 0.605 
[2, 15600] loss: 0.224 
[2, 15800] loss: 0.283 
[2, 16000] loss: 0.444 
[2, 16200] loss: 0.281 
[2, 16400] loss: 0.285 
[2, 16600] loss: 0.422 
[2, 16800] loss: 0.166 
[2, 17000] loss: 0.291 
[2, 17200] loss: 0.303 
[2, 17400] loss: 0.304 
[2, 17600] loss: 0.086 
[2, 17800] loss: 0.342 
[2, 18000] loss: 0.307 
[2, 18200] loss: 0.603 
[2, 18400] loss: 0.306 
[2, 18600] loss: 0.357 
[3,   200] loss: 0.208 
[3,   400] loss: 0.111 
[3,   600] loss: 0.194 
[3,   800] loss: 0.229 
[3,  1000] loss: 0.395 
[3,  1200] loss: 0.127 
[3,  1400] loss: 0.313 
[3,  1600] loss: 0.296 
[3,  1800] loss: 0.189 
[3,  2000] loss: 0.269 
[3,  2200] loss: 0.393 
[3,  2400] loss: 0.385 
[3,  2600] loss: 0.161 
[3,  2800] loss: 0.154 
[3,  3000] loss: 0.523 
[3,  3200] loss: 0.426 
[3,  3400] loss: 0.496 
[3,  3600] loss: 0.503 
[3,  3800] loss: 0.133 
[3,  4000] loss: 0.445 
[3,  4200] loss: 0.206 
[3,  4400] loss: 0.361 
[3,  4600] loss: 0.182 
[3,  4800] loss: 0.207 
[3,  5000] loss: 0.183 
[3,  5200] loss: 0.253 
[3,  5400] loss: 0.203 
[3,  5600] loss: 0.280 
[3,  5800] loss: 0.302 
[3,  6000] loss: 0.195 
[3,  6200] loss: 0.324 
[3,  6400] loss: 0.237 
[3,  6600] loss: 0.167 
[3,  6800] loss: 0.224 
[3,  7000] loss: 0.530 
[3,  7200] loss: 0.078 
[3,  7400] loss: 0.258 
[3,  7600] loss: 0.290 
[3,  7800] loss: 0.557 
[3,  8000] loss: 0.180 
[3,  8200] loss: 0.300 
[3,  8400] loss: 0.441 
[3,  8600] loss: 0.382 
[3,  8800] loss: 0.250 
[3,  9000] loss: 0.393 
[3,  9200] loss: 0.236 
[3,  9400] loss: 0.299 
[3,  9600] loss: 0.363 
[3,  9800] loss: 0.120 
[3, 10000] loss: 0.215 
[3, 10200] loss: 0.287 
[3, 10400] loss: 0.223 
[3, 10600] loss: 0.273 
[3, 10800] loss: 0.338 
[3, 11000] loss: 0.170 
[3, 11200] loss: 0.191 
[3, 11400] loss: 0.134 
[3, 11600] loss: 0.404 
[3, 11800] loss: 0.138 
[3, 12000] loss: 0.218 
[3, 12200] loss: 0.195 
[3, 12400] loss: 0.287 
[3, 12600] loss: 0.482 
[3, 12800] loss: 0.331 
[3, 13000] loss: 0.521 
[3, 13200] loss: 0.328 
[3, 13400] loss: 0.143 
[3, 13600] loss: 0.390 
[3, 13800] loss: 0.288 
[3, 14000] loss: 0.208 
[3, 14200] loss: 0.277 
[3, 14400] loss: 0.362 
[3, 14600] loss: 0.137 
[3, 14800] loss: 0.108 
[3, 15000] loss: 0.170 
[3, 15200] loss: 0.175 
[3, 15400] loss: 0.279 
[3, 15600] loss: 0.467 
[3, 15800] loss: 0.269 
[3, 16000] loss: 0.368 
[3, 16200] loss: 0.255 
[3, 16400] loss: 0.270 
[3, 16600] loss: 0.355 
[3, 16800] loss: 0.357 
[3, 17000] loss: 0.618 
[3, 17200] loss: 0.392 
[3, 17400] loss: 0.182 
[3, 17600] loss: 0.531 
[3, 17800] loss: 0.186 
[3, 18000] loss: 0.311 
[3, 18200] loss: 0.148 
[3, 18400] loss: 0.191 
[3, 18600] loss: 0.150 
[4,   200] loss: 0.294 
[4,   400] loss: 0.307 
[4,   600] loss: 0.090 
[4,   800] loss: 0.085 
[4,  1000] loss: 0.202 
[4,  1200] loss: 0.140 
[4,  1400] loss: 0.112 
[4,  1600] loss: 0.132 
[4,  1800] loss: 0.395 
[4,  2000] loss: 0.126 
[4,  2200] loss: 0.385 
[4,  2400] loss: 0.389 
[4,  2600] loss: 0.449 
[4,  2800] loss: 0.235 
[4,  3000] loss: 0.326 
[4,  3200] loss: 0.092 
[4,  3400] loss: 0.488 
[4,  3600] loss: 0.286 
[4,  3800] loss: 0.284 
[4,  4000] loss: 0.179 
[4,  4200] loss: 0.306 
[4,  4400] loss: 0.245 
[4,  4600] loss: 0.263 
[4,  4800] loss: 0.420 
[4,  5000] loss: 0.202 
[4,  5200] loss: 0.274 
[4,  5400] loss: 0.132 
[4,  5600] loss: 0.131 
[4,  5800] loss: 0.126 
[4,  6000] loss: 0.120 
[4,  6200] loss: 0.350 
[4,  6400] loss: 0.258 
[4,  6600] loss: 0.171 
[4,  6800] loss: 0.421 
[4,  7000] loss: 0.185 
[4,  7200] loss: 0.202 
[4,  7400] loss: 0.134 
[4,  7600] loss: 0.270 
[4,  7800] loss: 0.166 
[4,  8000] loss: 0.115 
[4,  8200] loss: 0.226 
[4,  8400] loss: 0.294 
[4,  8600] loss: 0.652 
[4,  8800] loss: 0.239 
[4,  9000] loss: 0.108 
[4,  9200] loss: 0.314 
[4,  9400] loss: 0.087 
[4,  9600] loss: 0.080 
[4,  9800] loss: 0.476 
[4, 10000] loss: 0.289 
[4, 10200] loss: 0.318 
[4, 10400] loss: 0.409 
[4, 10600] loss: 0.096 
[4, 10800] loss: 0.246 
[4, 11000] loss: 0.116 
[4, 11200] loss: 0.268 
[4, 11400] loss: 0.169 
[4, 11600] loss: 0.318 
[4, 11800] loss: 0.247 
[4, 12000] loss: 0.305 
[4, 12200] loss: 0.440 
[4, 12400] loss: 0.158 
[4, 12600] loss: 0.303 
[4, 12800] loss: 0.211 
[4, 13000] loss: 0.269 
[4, 13200] loss: 0.312 
[4, 13400] loss: 0.401 
[4, 13600] loss: 0.254 
[4, 13800] loss: 0.578 
[4, 14000] loss: 0.127 
[4, 14200] loss: 0.352 
[4, 14400] loss: 0.452 
[4, 14600] loss: 0.213 
[4, 14800] loss: 0.108 
[4, 15000] loss: 0.065 
[4, 15200] loss: 0.106 
[4, 15400] loss: 0.198 
[4, 15600] loss: 0.270 
[4, 15800] loss: 0.249 
[4, 16000] loss: 0.208 
[4, 16200] loss: 0.445 
[4, 16400] loss: 0.327 
[4, 16600] loss: 0.243 
[4, 16800] loss: 0.523 
[4, 17000] loss: 0.226 
[4, 17200] loss: 0.252 
[4, 17400] loss: 0.121 
[4, 17600] loss: 0.189 
[4, 17800] loss: 0.149 
[4, 18000] loss: 0.090 
[4, 18200] loss: 0.271 
[4, 18400] loss: 0.560 
[4, 18600] loss: 0.292 
[5,   200] loss: 0.334 
[5,   400] loss: 0.147 
[5,   600] loss: 0.164 
[5,   800] loss: 0.266 
[5,  1000] loss: 0.158 
[5,  1200] loss: 0.391 
[5,  1400] loss: 0.232 
[5,  1600] loss: 0.383 
[5,  1800] loss: 0.466 
[5,  2000] loss: 0.202 
[5,  2200] loss: 0.242 
[5,  2400] loss: 0.134 
[5,  2600] loss: 0.249 
[5,  2800] loss: 0.233 
[5,  3000] loss: 0.250 
[5,  3200] loss: 0.191 
[5,  3400] loss: 0.049 
[5,  3600] loss: 0.167 
[5,  3800] loss: 0.164 
[5,  4000] loss: 0.232 
[5,  4200] loss: 0.124 
[5,  4400] loss: 0.276 
[5,  4600] loss: 0.042 
[5,  4800] loss: 0.098 
[5,  5000] loss: 0.171 
[5,  5200] loss: 0.218 
[5,  5400] loss: 0.287 
[5,  5600] loss: 0.592 
[5,  5800] loss: 0.099 
[5,  6000] loss: 0.408 
[5,  6200] loss: 0.323 
[5,  6400] loss: 0.293 
[5,  6600] loss: 0.115 
[5,  6800] loss: 0.191 
[5,  7000] loss: 0.304 
[5,  7200] loss: 0.282 
[5,  7400] loss: 0.204 
[5,  7600] loss: 0.129 
[5,  7800] loss: 0.161 
[5,  8000] loss: 0.280 
[5,  8200] loss: 0.362 
[5,  8400] loss: 0.380 
[5,  8600] loss: 0.171 
[5,  8800] loss: 0.239 
[5,  9000] loss: 0.129 
[5,  9200] loss: 0.440 
[5,  9400] loss: 0.249 
[5,  9600] loss: 0.192 
[5,  9800] loss: 0.762 
[5, 10000] loss: 0.258 
[5, 10200] loss: 0.366 
[5, 10400] loss: 0.319 
[5, 10600] loss: 0.181 
[5, 10800] loss: 0.240 
[5, 11000] loss: 0.331 
[5, 11200] loss: 0.340 
[5, 11400] loss: 0.216 
[5, 11600] loss: 0.116 
[5, 11800] loss: 0.317 
[5, 12000] loss: 0.237 
[5, 12200] loss: 0.328 
[5, 12400] loss: 0.264 
[5, 12600] loss: 0.479 
[5, 12800] loss: 0.290 
[5, 13000] loss: 0.138 
[5, 13200] loss: 0.302 
[5, 13400] loss: 0.278 
[5, 13600] loss: 0.249 
[5, 13800] loss: 0.086 
[5, 14000] loss: 0.146 
[5, 14200] loss: 0.212 
[5, 14400] loss: 0.346 
[5, 14600] loss: 0.554 
[5, 14800] loss: 0.208 
[5, 15000] loss: 0.182 
[5, 15200] loss: 0.202 
[5, 15400] loss: 0.309 
[5, 15600] loss: 0.615 
[5, 15800] loss: 0.586 
[5, 16000] loss: 0.232 
[5, 16200] loss: 0.468 
[5, 16400] loss: 0.275 
[5, 16600] loss: 0.383 
[5, 16800] loss: 0.317 
[5, 17000] loss: 0.281 
[5, 17200] loss: 0.160 
[5, 17400] loss: 0.372 
[5, 17600] loss: 0.207 
[5, 17800] loss: 0.353 
[5, 18000] loss: 0.312 
[5, 18200] loss: 0.205 
[5, 18400] loss: 0.367 
[5, 18600] loss: 0.405 
[6,   200] loss: 0.140 
[6,   400] loss: 0.074 
[6,   600] loss: 0.131 
[6,   800] loss: 0.076 
[6,  1000] loss: 0.133 
[6,  1200] loss: 0.306 
[6,  1400] loss: 0.327 
[6,  1600] loss: 0.033 
[6,  1800] loss: 0.210 
[6,  2000] loss: 0.136 
[6,  2200] loss: 0.203 
[6,  2400] loss: 0.083 
[6,  2600] loss: 0.175 
[6,  2800] loss: 0.150 
[6,  3000] loss: 0.060 
[6,  3200] loss: 0.146 
[6,  3400] loss: 0.254 
[6,  3600] loss: 0.225 
[6,  3800] loss: 0.093 
[6,  4000] loss: 0.337 
[6,  4200] loss: 0.081 
[6,  4400] loss: 0.440 
[6,  4600] loss: 0.061 
[6,  4800] loss: 0.210 
[6,  5000] loss: 0.163 
[6,  5200] loss: 0.276 
[6,  5400] loss: 0.145 
[6,  5600] loss: 0.321 
[6,  5800] loss: 0.178 
[6,  6000] loss: 0.514 
[6,  6200] loss: 0.249 
[6,  6400] loss: 0.079 
[6,  6600] loss: 0.156 
[6,  6800] loss: 0.304 
[6,  7000] loss: 0.211 
[6,  7200] loss: 0.304 
[6,  7400] loss: 0.242 
[6,  7600] loss: 0.086 
[6,  7800] loss: 0.073 
[6,  8000] loss: 0.207 
[6,  8200] loss: 0.393 
[6,  8400] loss: 0.362 
[6,  8600] loss: 0.119 
[6,  8800] loss: 0.037 
[6,  9000] loss: 0.471 
[6,  9200] loss: 0.305 
[6,  9400] loss: 0.176 
[6,  9600] loss: 0.189 
[6,  9800] loss: 0.248 
[6, 10000] loss: 0.053 
[6, 10200] loss: 0.140 
[6, 10400] loss: 0.025 
[6, 10600] loss: 0.084 
[6, 10800] loss: 0.340 
[6, 11000] loss: 0.234 
[6, 11200] loss: 0.423 
[6, 11400] loss: 0.108 
[6, 11600] loss: 0.440 
[6, 11800] loss: 0.130 
[6, 12000] loss: 0.353 
[6, 12200] loss: 0.130 
[6, 12400] loss: 0.116 
[6, 12600] loss: 0.152 
[6, 12800] loss: 0.069 
[6, 13000] loss: 0.224 
[6, 13200] loss: 0.364 
[6, 13400] loss: 0.418 
[6, 13600] loss: 0.164 
[6, 13800] loss: 0.284 
[6, 14000] loss: 0.189 
[6, 14200] loss: 0.217 
[6, 14400] loss: 0.127 
[6, 14600] loss: 0.383 
[6, 14800] loss: 0.166 
[6, 15000] loss: 0.476 
[6, 15200] loss: 0.304 
[6, 15400] loss: 0.322 
[6, 15600] loss: 0.046 
[6, 15800] loss: 0.235 
[6, 16000] loss: 0.287 
[6, 16200] loss: 0.181 
[6, 16400] loss: 0.339 
[6, 16600] loss: 0.176 
[6, 16800] loss: 0.267 
[6, 17000] loss: 0.229 
[6, 17200] loss: 0.107 
[6, 17400] loss: 0.206 
[6, 17600] loss: 0.172 
[6, 17800] loss: 0.254 
[6, 18000] loss: 0.196 
[6, 18200] loss: 0.376 
[6, 18400] loss: 0.394 
[6, 18600] loss: 0.382 
[7,   200] loss: 0.451 
[7,   400] loss: 0.213 
[7,   600] loss: 0.117 
[7,   800] loss: 0.153 
[7,  1000] loss: 0.197 
[7,  1200] loss: 0.302 
[7,  1400] loss: 0.275 
[7,  1600] loss: 0.203 
[7,  1800] loss: 0.249 
[7,  2000] loss: 0.118 
[7,  2200] loss: 0.136 
[7,  2400] loss: 0.388 
[7,  2600] loss: 0.083 
[7,  2800] loss: 0.137 
[7,  3000] loss: 0.151 
[7,  3200] loss: 0.250 
[7,  3400] loss: 0.211 
[7,  3600] loss: 0.221 
[7,  3800] loss: 0.043 
[7,  4000] loss: 0.378 
[7,  4200] loss: 0.118 
[7,  4400] loss: 0.196 
[7,  4600] loss: 0.395 
[7,  4800] loss: 0.095 
[7,  5000] loss: 0.107 
[7,  5200] loss: 0.823 
[7,  5400] loss: 0.240 
[7,  5600] loss: 0.064 
[7,  5800] loss: 0.151 
[7,  6000] loss: 0.419 
[7,  6200] loss: 0.042 
[7,  6400] loss: 0.112 
[7,  6600] loss: 0.175 
[7,  6800] loss: 0.334 
[7,  7000] loss: 0.111 
[7,  7200] loss: 0.171 
[7,  7400] loss: 0.177 
[7,  7600] loss: 0.177 
[7,  7800] loss: 0.341 
[7,  8000] loss: 0.180 
[7,  8200] loss: 0.174 
[7,  8400] loss: 0.461 
[7,  8600] loss: 0.233 
[7,  8800] loss: 0.241 
[7,  9000] loss: 0.175 
[7,  9200] loss: 0.202 
[7,  9400] loss: 0.273 
[7,  9600] loss: 0.160 
[7,  9800] loss: 0.121 
[7, 10000] loss: 0.233 
[7, 10200] loss: 0.160 
[7, 10400] loss: 0.318 
[7, 10600] loss: 0.222 
[7, 10800] loss: 0.261 
[7, 11000] loss: 0.222 
[7, 11200] loss: 0.108 
[7, 11400] loss: 0.174 
[7, 11600] loss: 0.095 
[7, 11800] loss: 0.196 
[7, 12000] loss: 0.150 
[7, 12200] loss: 0.054 
[7, 12400] loss: 0.114 
[7, 12600] loss: 0.482 
[7, 12800] loss: 0.246 
[7, 13000] loss: 0.347 
[7, 13200] loss: 0.141 
[7, 13400] loss: 0.210 
[7, 13600] loss: 0.452 
[7, 13800] loss: 0.093 
[7, 14000] loss: 0.461 
[7, 14200] loss: 0.091 
[7, 14400] loss: 0.222 
[7, 14600] loss: 0.291 
[7, 14800] loss: 0.245 
[7, 15000] loss: 0.235 
[7, 15200] loss: 0.350 
[7, 15400] loss: 0.075 
[7, 15600] loss: 0.283 
[7, 15800] loss: 0.068 
[7, 16000] loss: 0.100 
[7, 16200] loss: 0.059 
[7, 16400] loss: 0.079 
[7, 16600] loss: 0.065 
[7, 16800] loss: 0.266 
[7, 17000] loss: 0.256 
[7, 17200] loss: 0.174 
[7, 17400] loss: 0.029 
[7, 17600] loss: 0.142 
[7, 17800] loss: 0.368 
[7, 18000] loss: 0.018 
[7, 18200] loss: 0.307 
[7, 18400] loss: 0.178 
[7, 18600] loss: 0.160 
[8,   200] loss: 0.222 
[8,   400] loss: 0.271 
[8,   600] loss: 0.210 
[8,   800] loss: 0.140 
[8,  1000] loss: 0.320 
[8,  1200] loss: 0.169 
[8,  1400] loss: 0.319 
[8,  1600] loss: 0.114 
[8,  1800] loss: 0.171 
[8,  2000] loss: 0.116 
[8,  2200] loss: 0.050 
[8,  2400] loss: 0.214 
[8,  2600] loss: 0.191 
[8,  2800] loss: 0.071 
[8,  3000] loss: 0.210 
[8,  3200] loss: 0.088 
[8,  3400] loss: 0.412 
[8,  3600] loss: 0.306 
[8,  3800] loss: 0.056 
[8,  4000] loss: 0.166 
[8,  4200] loss: 0.330 
[8,  4400] loss: 0.162 
[8,  4600] loss: 0.202 
[8,  4800] loss: 0.245 
[8,  5000] loss: 0.078 
[8,  5200] loss: 0.268 
[8,  5400] loss: 0.192 
[8,  5600] loss: 0.088 
[8,  5800] loss: 0.110 
[8,  6000] loss: 0.113 
[8,  6200] loss: 0.089 
[8,  6400] loss: 0.107 
[8,  6600] loss: 0.079 
[8,  6800] loss: 0.358 
[8,  7000] loss: 0.104 
[8,  7200] loss: 0.114 
[8,  7400] loss: 0.125 
[8,  7600] loss: 0.072 
[8,  7800] loss: 0.180 
[8,  8000] loss: 0.073 
[8,  8200] loss: 0.373 
[8,  8400] loss: 0.090 
[8,  8600] loss: 0.062 
[8,  8800] loss: 0.240 
[8,  9000] loss: 0.147 
[8,  9200] loss: 0.249 
[8,  9400] loss: 0.242 
[8,  9600] loss: 0.435 
[8,  9800] loss: 0.081 
[8, 10000] loss: 0.337 
[8, 10200] loss: 0.139 
[8, 10400] loss: 0.186 
[8, 10600] loss: 0.231 
[8, 10800] loss: 0.418 
[8, 11000] loss: 0.226 
[8, 11200] loss: 0.228 
[8, 11400] loss: 0.215 
[8, 11600] loss: 0.057 
[8, 11800] loss: 0.093 
[8, 12000] loss: 0.107 
[8, 12200] loss: 0.232 
[8, 12400] loss: 0.142 
[8, 12600] loss: 0.360 
[8, 12800] loss: 0.159 
[8, 13000] loss: 0.281 
[8, 13200] loss: 0.161 
[8, 13400] loss: 0.172 
[8, 13600] loss: 0.094 
[8, 13800] loss: 0.329 
[8, 14000] loss: 0.063 
[8, 14200] loss: 0.239 
[8, 14400] loss: 0.321 
[8, 14600] loss: 0.489 
[8, 14800] loss: 0.101 
[8, 15000] loss: 0.238 
[8, 15200] loss: 0.252 
[8, 15400] loss: 0.202 
[8, 15600] loss: 0.239 
[8, 15800] loss: 0.194 
[8, 16000] loss: 0.229 
[8, 16200] loss: 0.204 
[8, 16400] loss: 0.107 
[8, 16600] loss: 0.255 
[8, 16800] loss: 0.154 
[8, 17000] loss: 0.231 
[8, 17200] loss: 0.390 
[8, 17400] loss: 0.215 
[8, 17600] loss: 0.336 
[8, 17800] loss: 0.118 
[8, 18000] loss: 0.134 
[8, 18200] loss: 0.226 
[8, 18400] loss: 0.229 
[8, 18600] loss: 0.047 
[9,   200] loss: 0.261 
[9,   400] loss: 0.049 
[9,   600] loss: 0.265 
[9,   800] loss: 0.236 
[9,  1000] loss: 0.109 
[9,  1200] loss: 0.239 
[9,  1400] loss: 0.318 
[9,  1600] loss: 0.151 
[9,  1800] loss: 0.143 
[9,  2000] loss: 0.023 
[9,  2200] loss: 0.276 
[9,  2400] loss: 0.267 
[9,  2600] loss: 0.498 
[9,  2800] loss: 0.133 
[9,  3000] loss: 0.149 
[9,  3200] loss: 0.378 
[9,  3400] loss: 0.144 
[9,  3600] loss: 0.239 
[9,  3800] loss: 0.150 
[9,  4000] loss: 0.162 
[9,  4200] loss: 0.246 
[9,  4400] loss: 0.366 
[9,  4600] loss: 0.347 
[9,  4800] loss: 0.320 
[9,  5000] loss: 0.247 
[9,  5200] loss: 0.037 
[9,  5400] loss: 0.035 
[9,  5600] loss: 0.142 
[9,  5800] loss: 0.108 
[9,  6000] loss: 0.371 
[9,  6200] loss: 0.071 
[9,  6400] loss: 0.335 
[9,  6600] loss: 0.483 
[9,  6800] loss: 0.192 
[9,  7000] loss: 0.221 
[9,  7200] loss: 0.181 
[9,  7400] loss: 0.176 
[9,  7600] loss: 0.133 
[9,  7800] loss: 0.314 
[9,  8000] loss: 0.412 
[9,  8200] loss: 0.103 
[9,  8400] loss: 0.086 
[9,  8600] loss: 0.323 
[9,  8800] loss: 0.234 
[9,  9000] loss: 0.224 
[9,  9200] loss: 0.215 
[9,  9400] loss: 0.288 
[9,  9600] loss: 0.112 
[9,  9800] loss: 0.184 
[9, 10000] loss: 0.195 
[9, 10200] loss: 0.215 
[9, 10400] loss: 0.265 
[9, 10600] loss: 0.096 
[9, 10800] loss: 0.486 
[9, 11000] loss: 0.198 
[9, 11200] loss: 0.239 
[9, 11400] loss: 0.083 
[9, 11600] loss: 0.127 
[9, 11800] loss: 0.148 
[9, 12000] loss: 0.253 
[9, 12200] loss: 0.221 
[9, 12400] loss: 0.173 
[9, 12600] loss: 0.300 
[9, 12800] loss: 0.330 
[9, 13000] loss: 0.189 
[9, 13200] loss: 0.390 
[9, 13400] loss: 0.096 
[9, 13600] loss: 0.224 
[9, 13800] loss: 0.201 
[9, 14000] loss: 0.040 
[9, 14200] loss: 0.313 
[9, 14400] loss: 0.042 
[9, 14600] loss: 0.156 
[9, 14800] loss: 0.166 
[9, 15000] loss: 0.159 
[9, 15200] loss: 0.106 
[9, 15400] loss: 0.312 
[9, 15600] loss: 0.189 
[9, 15800] loss: 0.217 
[9, 16000] loss: 0.328 
[9, 16200] loss: 0.097 
[9, 16400] loss: 0.221 
[9, 16600] loss: 0.281 
[9, 16800] loss: 0.186 
[9, 17000] loss: 0.375 
[9, 17200] loss: 0.129 
[9, 17400] loss: 0.060 
[9, 17600] loss: 0.085 
[9, 17800] loss: 0.141 
[9, 18000] loss: 0.263 
[9, 18200] loss: 0.086 
[9, 18400] loss: 0.424 
[9, 18600] loss: 0.210 
[10,   200] loss: 0.228 
[10,   400] loss: 0.162 
[10,   600] loss: 0.157 
[10,   800] loss: 0.239 
[10,  1000] loss: 0.120 
[10,  1200] loss: 0.256 
[10,  1400] loss: 0.383 
[10,  1600] loss: 0.143 
[10,  1800] loss: 0.184 
[10,  2000] loss: 0.189 
[10,  2200] loss: 0.142 
[10,  2400] loss: 0.468 
[10,  2600] loss: 0.208 
[10,  2800] loss: 0.244 
[10,  3000] loss: 0.117 
[10,  3200] loss: 0.238 
[10,  3400] loss: 0.152 
[10,  3600] loss: 0.064 
[10,  3800] loss: 0.169 
[10,  4000] loss: 0.227 
[10,  4200] loss: 0.147 
[10,  4400] loss: 0.221 
[10,  4600] loss: 0.177 
[10,  4800] loss: 0.146 
[10,  5000] loss: 0.324 
[10,  5200] loss: 0.080 
[10,  5400] loss: 0.178 
[10,  5600] loss: 0.108 
[10,  5800] loss: 0.381 
[10,  6000] loss: 0.066 
[10,  6200] loss: 0.270 
[10,  6400] loss: 0.217 
[10,  6600] loss: 0.047 
[10,  6800] loss: 0.086 
[10,  7000] loss: 0.040 
[10,  7200] loss: 0.076 
[10,  7400] loss: 0.155 
[10,  7600] loss: 0.014 
[10,  7800] loss: 0.077 
[10,  8000] loss: 0.121 
[10,  8200] loss: 0.136 
[10,  8400] loss: 0.119 
[10,  8600] loss: 0.137 
[10,  8800] loss: 0.189 
[10,  9000] loss: 0.123 
[10,  9200] loss: 0.244 
[10,  9400] loss: 0.041 
[10,  9600] loss: 0.177 
[10,  9800] loss: 0.151 
[10, 10000] loss: 0.230 
[10, 10200] loss: 0.217 
[10, 10400] loss: 0.168 
[10, 10600] loss: 0.197 
[10, 10800] loss: 0.042 
[10, 11000] loss: 0.202 
[10, 11200] loss: 0.331 
[10, 11400] loss: 0.248 
[10, 11600] loss: 0.079 
[10, 11800] loss: 0.198 
[10, 12000] loss: 0.030 
[10, 12200] loss: 0.102 
[10, 12400] loss: 0.306 
[10, 12600] loss: 0.058 
[10, 12800] loss: 0.069 
[10, 13000] loss: 0.266 
[10, 13200] loss: 0.252 
[10, 13400] loss: 0.151 
[10, 13600] loss: 0.508 
[10, 13800] loss: 0.043 
[10, 14000] loss: 0.122 
[10, 14200] loss: 0.502 
[10, 14400] loss: 0.051 
[10, 14600] loss: 0.354 
[10, 14800] loss: 0.095 
[10, 15000] loss: 0.159 
[10, 15200] loss: 0.087 
[10, 15400] loss: 0.074 
[10, 15600] loss: 0.169 
[10, 15800] loss: 0.033 
[10, 16000] loss: 0.141 
[10, 16200] loss: 0.242 
[10, 16400] loss: 0.124 
[10, 16600] loss: 0.242 
[10, 16800] loss: 0.159 
[10, 17000] loss: 0.044 
[10, 17200] loss: 0.202 
[10, 17400] loss: 0.152 
[10, 17600] loss: 0.108 
[10, 17800] loss: 0.074 
[10, 18000] loss: 0.145 
[10, 18200] loss: 0.103 
[10, 18400] loss: 0.297 
[10, 18600] loss: 0.372 
