[0,   200] loss: 1.089 
[0,   400] loss: 1.060 
[0,   600] loss: 0.886 
[0,   800] loss: 0.742 
[0,  1000] loss: 0.921 
[0,  1200] loss: 0.578 
[0,  1400] loss: 0.704 
[0,  1600] loss: 0.312 
[0,  1800] loss: 0.465 
[0,  2000] loss: 0.431 
[0,  2200] loss: 0.596 
[0,  2400] loss: 0.683 
[0,  2600] loss: 0.884 
[0,  2800] loss: 0.417 
[0,  3000] loss: 0.307 
[0,  3200] loss: 0.567 
[0,  3400] loss: 0.982 
[0,  3600] loss: 0.514 
[0,  3800] loss: 0.626 
[0,  4000] loss: 0.321 
[0,  4200] loss: 0.815 
[0,  4400] loss: 0.660 
[0,  4600] loss: 0.791 
[0,  4800] loss: 0.429 
[0,  5000] loss: 0.565 
[0,  5200] loss: 0.568 
[0,  5400] loss: 0.218 
[0,  5600] loss: 0.579 
[0,  5800] loss: 0.629 
[0,  6000] loss: 0.340 
[0,  6200] loss: 0.268 
[0,  6400] loss: 0.537 
[0,  6600] loss: 0.214 
[0,  6800] loss: 0.436 
[0,  7000] loss: 0.829 
[0,  7200] loss: 0.491 
[0,  7400] loss: 0.595 
[0,  7600] loss: 0.299 
[0,  7800] loss: 0.584 
[0,  8000] loss: 0.464 
[0,  8200] loss: 0.541 
[0,  8400] loss: 0.326 
[0,  8600] loss: 0.481 
[0,  8800] loss: 0.570 
[0,  9000] loss: 0.577 
[0,  9200] loss: 0.451 
[0,  9400] loss: 0.262 
[0,  9600] loss: 0.661 
[0,  9800] loss: 0.483 
[0, 10000] loss: 0.496 
[0, 10200] loss: 0.750 
[0, 10400] loss: 0.228 
[0, 10600] loss: 1.019 
[0, 10800] loss: 0.759 
[0, 11000] loss: 0.521 
[0, 11200] loss: 0.548 
[0, 11400] loss: 0.456 
[0, 11600] loss: 0.134 
[0, 11800] loss: 1.129 
[0, 12000] loss: 0.735 
[0, 12200] loss: 0.553 
[0, 12400] loss: 0.164 
[0, 12600] loss: 0.753 
[0, 12800] loss: 0.493 
[0, 13000] loss: 0.433 
[0, 13200] loss: 0.482 
[0, 13400] loss: 0.433 
[0, 13600] loss: 0.357 
[0, 13800] loss: 0.217 
[0, 14000] loss: 0.365 
[0, 14200] loss: 0.516 
[0, 14400] loss: 0.358 
[0, 14600] loss: 0.642 
[0, 14800] loss: 0.413 
[0, 15000] loss: 0.585 
[0, 15200] loss: 0.283 
[0, 15400] loss: 0.277 
[0, 15600] loss: 0.335 
[0, 15800] loss: 0.448 
[0, 16000] loss: 0.337 
[0, 16200] loss: 0.586 
[0, 16400] loss: 0.276 
[0, 16600] loss: 0.468 
[0, 16800] loss: 0.444 
[0, 17000] loss: 0.148 
[0, 17200] loss: 0.781 
[0, 17400] loss: 0.614 
[0, 17600] loss: 0.260 
[0, 17800] loss: 0.710 
[0, 18000] loss: 0.304 
[0, 18200] loss: 0.565 
[0, 18400] loss: 0.369 
[0, 18600] loss: 0.304 
[1,   200] loss: 0.308 
[1,   400] loss: 0.413 
[1,   600] loss: 0.117 
[1,   800] loss: 0.104 
[1,  1000] loss: 0.561 
[1,  1200] loss: 0.585 
[1,  1400] loss: 0.431 
[1,  1600] loss: 0.172 
[1,  1800] loss: 0.695 
[1,  2000] loss: 0.318 
[1,  2200] loss: 0.152 
[1,  2400] loss: 0.623 
[1,  2600] loss: 0.354 
[1,  2800] loss: 0.262 
[1,  3000] loss: 0.196 
[1,  3200] loss: 0.138 
[1,  3400] loss: 0.321 
[1,  3600] loss: 0.368 
[1,  3800] loss: 0.692 
[1,  4000] loss: 0.613 
[1,  4200] loss: 0.378 
[1,  4400] loss: 0.360 
[1,  4600] loss: 0.416 
[1,  4800] loss: 0.603 
[1,  5000] loss: 0.173 
[1,  5200] loss: 0.189 
[1,  5400] loss: 0.422 
[1,  5600] loss: 0.665 
[1,  5800] loss: 0.324 
[1,  6000] loss: 0.584 
[1,  6200] loss: 0.253 
[1,  6400] loss: 0.643 
[1,  6600] loss: 0.369 
[1,  6800] loss: 0.131 
[1,  7000] loss: 0.317 
[1,  7200] loss: 0.315 
[1,  7400] loss: 0.551 
[1,  7600] loss: 0.413 
[1,  7800] loss: 0.363 
[1,  8000] loss: 0.858 
[1,  8200] loss: 0.744 
[1,  8400] loss: 0.199 
[1,  8600] loss: 0.323 
[1,  8800] loss: 0.714 
[1,  9000] loss: 0.393 
[1,  9200] loss: 0.263 
[1,  9400] loss: 0.645 
[1,  9600] loss: 0.290 
[1,  9800] loss: 0.288 
[1, 10000] loss: 0.319 
[1, 10200] loss: 0.245 
[1, 10400] loss: 0.402 
[1, 10600] loss: 0.706 
[1, 10800] loss: 0.223 
[1, 11000] loss: 0.266 
[1, 11200] loss: 0.359 
[1, 11400] loss: 0.373 
[1, 11600] loss: 0.328 
[1, 11800] loss: 0.327 
[1, 12000] loss: 0.174 
[1, 12200] loss: 0.141 
[1, 12400] loss: 0.319 
[1, 12600] loss: 0.759 
[1, 12800] loss: 0.594 
[1, 13000] loss: 0.378 
[1, 13200] loss: 0.499 
[1, 13400] loss: 0.338 
[1, 13600] loss: 0.145 
[1, 13800] loss: 0.419 
[1, 14000] loss: 0.374 
[1, 14200] loss: 0.224 
[1, 14400] loss: 0.588 
[1, 14600] loss: 0.384 
[1, 14800] loss: 0.230 
[1, 15000] loss: 0.365 
[1, 15200] loss: 0.411 
[1, 15400] loss: 0.477 
[1, 15600] loss: 0.270 
[1, 15800] loss: 0.223 
[1, 16000] loss: 0.334 
[1, 16200] loss: 0.174 
[1, 16400] loss: 0.350 
[1, 16600] loss: 0.222 
[1, 16800] loss: 0.345 
[1, 17000] loss: 0.327 
[1, 17200] loss: 0.306 
[1, 17400] loss: 0.220 
[1, 17600] loss: 0.512 
[1, 17800] loss: 0.325 
[1, 18000] loss: 0.165 
[1, 18200] loss: 0.155 
[1, 18400] loss: 0.393 
[1, 18600] loss: 0.290 
[2,   200] loss: 0.422 
[2,   400] loss: 0.538 
[2,   600] loss: 0.404 
[2,   800] loss: 0.375 
[2,  1000] loss: 0.405 
[2,  1200] loss: 0.161 
[2,  1400] loss: 0.305 
[2,  1600] loss: 0.156 
[2,  1800] loss: 0.483 
[2,  2000] loss: 0.236 
[2,  2200] loss: 0.412 
[2,  2400] loss: 0.479 
[2,  2600] loss: 0.361 
[2,  2800] loss: 0.430 
[2,  3000] loss: 0.125 
[2,  3200] loss: 0.299 
[2,  3400] loss: 0.233 
[2,  3600] loss: 0.302 
[2,  3800] loss: 0.114 
[2,  4000] loss: 0.297 
[2,  4200] loss: 0.166 
[2,  4400] loss: 0.329 
[2,  4600] loss: 0.301 
[2,  4800] loss: 0.526 
[2,  5000] loss: 0.358 
[2,  5200] loss: 0.131 
[2,  5400] loss: 0.225 
[2,  5600] loss: 0.441 
[2,  5800] loss: 0.462 
[2,  6000] loss: 0.311 
[2,  6200] loss: 0.138 
[2,  6400] loss: 0.268 
[2,  6600] loss: 0.050 
[2,  6800] loss: 0.436 
[2,  7000] loss: 0.117 
[2,  7200] loss: 0.356 
[2,  7400] loss: 0.347 
[2,  7600] loss: 0.434 
[2,  7800] loss: 0.140 
[2,  8000] loss: 0.250 
[2,  8200] loss: 0.140 
[2,  8400] loss: 0.113 
[2,  8600] loss: 0.224 
[2,  8800] loss: 0.277 
[2,  9000] loss: 0.304 
[2,  9200] loss: 0.146 
[2,  9400] loss: 0.798 
[2,  9600] loss: 0.359 
[2,  9800] loss: 0.328 
[2, 10000] loss: 0.403 
[2, 10200] loss: 0.388 
[2, 10400] loss: 0.208 
[2, 10600] loss: 0.359 
[2, 10800] loss: 0.399 
[2, 11000] loss: 0.197 
[2, 11200] loss: 0.176 
[2, 11400] loss: 0.646 
[2, 11600] loss: 0.298 
[2, 11800] loss: 0.334 
[2, 12000] loss: 0.261 
[2, 12200] loss: 0.482 
[2, 12400] loss: 0.311 
[2, 12600] loss: 0.612 
[2, 12800] loss: 0.220 
[2, 13000] loss: 0.338 
[2, 13200] loss: 0.564 
[2, 13400] loss: 0.288 
[2, 13600] loss: 0.189 
[2, 13800] loss: 0.280 
[2, 14000] loss: 0.205 
[2, 14200] loss: 0.356 
[2, 14400] loss: 0.089 
[2, 14600] loss: 0.150 
[2, 14800] loss: 0.401 
[2, 15000] loss: 0.352 
[2, 15200] loss: 0.463 
[2, 15400] loss: 0.113 
[2, 15600] loss: 0.165 
[2, 15800] loss: 0.562 
[2, 16000] loss: 0.090 
[2, 16200] loss: 0.527 
[2, 16400] loss: 0.308 
[2, 16600] loss: 0.759 
[2, 16800] loss: 0.074 
[2, 17000] loss: 0.476 
[2, 17200] loss: 0.320 
[2, 17400] loss: 0.288 
[2, 17600] loss: 0.375 
[2, 17800] loss: 0.438 
[2, 18000] loss: 0.306 
[2, 18200] loss: 0.480 
[2, 18400] loss: 0.420 
[2, 18600] loss: 0.739 
[3,   200] loss: 0.295 
[3,   400] loss: 0.338 
[3,   600] loss: 0.150 
[3,   800] loss: 0.442 
[3,  1000] loss: 0.146 
[3,  1200] loss: 0.509 
[3,  1400] loss: 0.417 
[3,  1600] loss: 0.127 
[3,  1800] loss: 0.423 
[3,  2000] loss: 0.214 
[3,  2200] loss: 0.163 
[3,  2400] loss: 0.468 
[3,  2600] loss: 0.600 
[3,  2800] loss: 0.202 
[3,  3000] loss: 0.479 
[3,  3200] loss: 0.177 
[3,  3400] loss: 0.289 
[3,  3600] loss: 0.324 
[3,  3800] loss: 0.226 
[3,  4000] loss: 0.449 
[3,  4200] loss: 0.396 
[3,  4400] loss: 0.537 
[3,  4600] loss: 0.275 
[3,  4800] loss: 0.229 
[3,  5000] loss: 0.300 
[3,  5200] loss: 0.814 
[3,  5400] loss: 0.291 
[3,  5600] loss: 0.286 
[3,  5800] loss: 0.584 
[3,  6000] loss: 0.268 
[3,  6200] loss: 0.492 
[3,  6400] loss: 0.526 
[3,  6600] loss: 0.363 
[3,  6800] loss: 0.426 
[3,  7000] loss: 0.327 
[3,  7200] loss: 0.244 
[3,  7400] loss: 0.144 
[3,  7600] loss: 0.181 
[3,  7800] loss: 0.397 
[3,  8000] loss: 0.093 
[3,  8200] loss: 0.315 
[3,  8400] loss: 0.397 
[3,  8600] loss: 0.864 
[3,  8800] loss: 0.641 
[3,  9000] loss: 0.213 
[3,  9200] loss: 0.571 
[3,  9400] loss: 0.285 
[3,  9600] loss: 0.420 
[3,  9800] loss: 0.149 
[3, 10000] loss: 0.276 
[3, 10200] loss: 0.381 
[3, 10400] loss: 0.454 
[3, 10600] loss: 0.467 
[3, 10800] loss: 0.225 
[3, 11000] loss: 0.398 
[3, 11200] loss: 0.064 
[3, 11400] loss: 0.722 
[3, 11600] loss: 0.286 
[3, 11800] loss: 0.398 
[3, 12000] loss: 0.091 
[3, 12200] loss: 0.316 
[3, 12400] loss: 0.685 
[3, 12600] loss: 0.666 
[3, 12800] loss: 0.253 
[3, 13000] loss: 0.463 
[3, 13200] loss: 0.538 
[3, 13400] loss: 0.100 
[3, 13600] loss: 0.458 
[3, 13800] loss: 0.495 
[3, 14000] loss: 0.233 
[3, 14200] loss: 0.249 
[3, 14400] loss: 0.342 
[3, 14600] loss: 0.093 
[3, 14800] loss: 0.048 
[3, 15000] loss: 0.422 
[3, 15200] loss: 0.508 
[3, 15400] loss: 0.233 
[3, 15600] loss: 0.399 
[3, 15800] loss: 0.272 
[3, 16000] loss: 0.268 
[3, 16200] loss: 0.300 
[3, 16400] loss: 0.476 
[3, 16600] loss: 0.516 
[3, 16800] loss: 0.173 
[3, 17000] loss: 0.179 
[3, 17200] loss: 0.449 
[3, 17400] loss: 0.433 
[3, 17600] loss: 0.166 
[3, 17800] loss: 0.172 
[3, 18000] loss: 0.354 
[3, 18200] loss: 0.091 
[3, 18400] loss: 0.242 
[3, 18600] loss: 0.257 
[4,   200] loss: 0.109 
[4,   400] loss: 0.426 
[4,   600] loss: 0.458 
[4,   800] loss: 0.301 
[4,  1000] loss: 0.339 
[4,  1200] loss: 0.343 
[4,  1400] loss: 0.106 
[4,  1600] loss: 0.230 
[4,  1800] loss: 0.170 
[4,  2000] loss: 0.376 
[4,  2200] loss: 0.689 
[4,  2400] loss: 0.129 
[4,  2600] loss: 0.140 
[4,  2800] loss: 0.384 
[4,  3000] loss: 0.499 
[4,  3200] loss: 0.117 
[4,  3400] loss: 0.412 
[4,  3600] loss: 0.246 
[4,  3800] loss: 0.380 
[4,  4000] loss: 0.371 
[4,  4200] loss: 0.200 
[4,  4400] loss: 0.354 
[4,  4600] loss: 0.532 
[4,  4800] loss: 0.447 
[4,  5000] loss: 0.364 
[4,  5200] loss: 0.518 
[4,  5400] loss: 0.154 
[4,  5600] loss: 0.379 
[4,  5800] loss: 0.190 
[4,  6000] loss: 0.327 
[4,  6200] loss: 0.297 
[4,  6400] loss: 0.188 
[4,  6600] loss: 0.189 
[4,  6800] loss: 0.275 
[4,  7000] loss: 0.447 
[4,  7200] loss: 0.286 
[4,  7400] loss: 0.362 
[4,  7600] loss: 0.092 
[4,  7800] loss: 0.139 
[4,  8000] loss: 0.196 
[4,  8200] loss: 0.283 
[4,  8400] loss: 0.186 
[4,  8600] loss: 0.361 
[4,  8800] loss: 0.416 
[4,  9000] loss: 0.218 
[4,  9200] loss: 0.463 
[4,  9400] loss: 0.381 
[4,  9600] loss: 0.114 
[4,  9800] loss: 0.538 
[4, 10000] loss: 0.115 
[4, 10200] loss: 0.225 
[4, 10400] loss: 0.283 
[4, 10600] loss: 0.220 
[4, 10800] loss: 0.419 
[4, 11000] loss: 0.525 
[4, 11200] loss: 0.457 
[4, 11400] loss: 0.324 
[4, 11600] loss: 0.340 
[4, 11800] loss: 0.462 
[4, 12000] loss: 0.232 
[4, 12200] loss: 0.300 
[4, 12400] loss: 0.616 
[4, 12600] loss: 0.181 
[4, 12800] loss: 0.149 
[4, 13000] loss: 0.081 
[4, 13200] loss: 0.479 
[4, 13400] loss: 0.200 
[4, 13600] loss: 0.169 
[4, 13800] loss: 0.279 
[4, 14000] loss: 0.866 
[4, 14200] loss: 0.727 
[4, 14400] loss: 0.298 
[4, 14600] loss: 0.318 
[4, 14800] loss: 0.132 
[4, 15000] loss: 0.405 
[4, 15200] loss: 0.597 
[4, 15400] loss: 0.389 
[4, 15600] loss: 0.347 
[4, 15800] loss: 0.387 
[4, 16000] loss: 0.397 
[4, 16200] loss: 0.122 
[4, 16400] loss: 0.425 
[4, 16600] loss: 0.206 
[4, 16800] loss: 0.076 
[4, 17000] loss: 0.285 
[4, 17200] loss: 0.259 
[4, 17400] loss: 0.242 
[4, 17600] loss: 0.295 
[4, 17800] loss: 0.412 
[4, 18000] loss: 0.309 
[4, 18200] loss: 0.254 
[4, 18400] loss: 0.086 
[4, 18600] loss: 0.244 
[5,   200] loss: 0.131 
[5,   400] loss: 0.441 
[5,   600] loss: 0.217 
[5,   800] loss: 0.272 
[5,  1000] loss: 0.257 
[5,  1200] loss: 0.133 
[5,  1400] loss: 0.182 
[5,  1600] loss: 0.231 
[5,  1800] loss: 0.424 
[5,  2000] loss: 0.188 
[5,  2200] loss: 0.486 
[5,  2400] loss: 0.408 
[5,  2600] loss: 0.273 
[5,  2800] loss: 0.367 
[5,  3000] loss: 0.084 
[5,  3200] loss: 0.208 
[5,  3400] loss: 0.025 
[5,  3600] loss: 0.074 
[5,  3800] loss: 0.395 
[5,  4000] loss: 0.725 
[5,  4200] loss: 0.219 
[5,  4400] loss: 0.110 
[5,  4600] loss: 0.218 
[5,  4800] loss: 0.167 
[5,  5000] loss: 0.517 
[5,  5200] loss: 0.156 
[5,  5400] loss: 0.492 
[5,  5600] loss: 0.521 
[5,  5800] loss: 0.294 
[5,  6000] loss: 0.405 
[5,  6200] loss: 0.295 
[5,  6400] loss: 0.452 
[5,  6600] loss: 0.177 
[5,  6800] loss: 0.279 
[5,  7000] loss: 0.273 
[5,  7200] loss: 0.496 
[5,  7400] loss: 0.191 
[5,  7600] loss: 0.292 
[5,  7800] loss: 0.223 
[5,  8000] loss: 0.323 
[5,  8200] loss: 0.203 
[5,  8400] loss: 0.449 
[5,  8600] loss: 0.242 
[5,  8800] loss: 0.256 
[5,  9000] loss: 0.170 
[5,  9200] loss: 0.621 
[5,  9400] loss: 0.339 
[5,  9600] loss: 0.102 
[5,  9800] loss: 0.126 
[5, 10000] loss: 0.202 
[5, 10200] loss: 0.237 
[5, 10400] loss: 0.335 
[5, 10600] loss: 0.263 
[5, 10800] loss: 0.542 
[5, 11000] loss: 0.225 
[5, 11200] loss: 0.436 
[5, 11400] loss: 0.425 
[5, 11600] loss: 0.487 
[5, 11800] loss: 0.257 
[5, 12000] loss: 0.432 
[5, 12200] loss: 0.107 
[5, 12400] loss: 0.441 
[5, 12600] loss: 0.316 
[5, 12800] loss: 0.217 
[5, 13000] loss: 0.319 
[5, 13200] loss: 0.241 
[5, 13400] loss: 0.388 
[5, 13600] loss: 0.486 
[5, 13800] loss: 0.278 
[5, 14000] loss: 0.355 
[5, 14200] loss: 0.312 
[5, 14400] loss: 0.084 
[5, 14600] loss: 0.112 
[5, 14800] loss: 0.101 
[5, 15000] loss: 0.221 
[5, 15200] loss: 0.304 
[5, 15400] loss: 0.227 
[5, 15600] loss: 0.180 
[5, 15800] loss: 0.307 
[5, 16000] loss: 0.089 
[5, 16200] loss: 0.341 
[5, 16400] loss: 0.306 
[5, 16600] loss: 0.372 
[5, 16800] loss: 0.376 
[5, 17000] loss: 0.164 
[5, 17200] loss: 0.377 
[5, 17400] loss: 0.225 
[5, 17600] loss: 0.299 
[5, 17800] loss: 0.460 
[5, 18000] loss: 0.193 
[5, 18200] loss: 0.237 
[5, 18400] loss: 0.285 
[5, 18600] loss: 0.125 
[6,   200] loss: 0.286 
[6,   400] loss: 0.456 
[6,   600] loss: 0.344 
[6,   800] loss: 0.205 
[6,  1000] loss: 0.301 
[6,  1200] loss: 0.246 
[6,  1400] loss: 0.230 
[6,  1600] loss: 0.147 
[6,  1800] loss: 0.363 
[6,  2000] loss: 0.220 
[6,  2200] loss: 0.700 
[6,  2400] loss: 0.457 
[6,  2600] loss: 0.348 
[6,  2800] loss: 0.095 
[6,  3000] loss: 0.534 
[6,  3200] loss: 0.066 
[6,  3400] loss: 0.173 
[6,  3600] loss: 0.171 
[6,  3800] loss: 0.245 
[6,  4000] loss: 0.363 
[6,  4200] loss: 0.320 
[6,  4400] loss: 0.366 
[6,  4600] loss: 0.147 
[6,  4800] loss: 0.158 
[6,  5000] loss: 0.376 
[6,  5200] loss: 0.382 
[6,  5400] loss: 0.045 
[6,  5600] loss: 0.364 
[6,  5800] loss: 0.581 
[6,  6000] loss: 0.210 
[6,  6200] loss: 0.168 
[6,  6400] loss: 0.189 
[6,  6600] loss: 0.208 
[6,  6800] loss: 0.338 
[6,  7000] loss: 0.024 
[6,  7200] loss: 0.320 
[6,  7400] loss: 0.369 
[6,  7600] loss: 0.359 
[6,  7800] loss: 0.481 
[6,  8000] loss: 0.170 
[6,  8200] loss: 0.311 
[6,  8400] loss: 0.111 
[6,  8600] loss: 0.098 
[6,  8800] loss: 0.122 
[6,  9000] loss: 0.269 
[6,  9200] loss: 0.306 
[6,  9400] loss: 0.114 
[6,  9600] loss: 0.208 
[6,  9800] loss: 0.264 
[6, 10000] loss: 0.177 
[6, 10200] loss: 0.225 
[6, 10400] loss: 0.445 
[6, 10600] loss: 0.177 
[6, 10800] loss: 0.143 
[6, 11000] loss: 0.205 
[6, 11200] loss: 0.296 
[6, 11400] loss: 0.426 
[6, 11600] loss: 0.064 
[6, 11800] loss: 0.329 
[6, 12000] loss: 0.122 
[6, 12200] loss: 0.191 
[6, 12400] loss: 0.219 
[6, 12600] loss: 0.376 
[6, 12800] loss: 0.248 
[6, 13000] loss: 0.093 
[6, 13200] loss: 0.414 
[6, 13400] loss: 0.130 
[6, 13600] loss: 0.360 
[6, 13800] loss: 0.343 
[6, 14000] loss: 0.075 
[6, 14200] loss: 0.313 
[6, 14400] loss: 0.379 
[6, 14600] loss: 0.368 
[6, 14800] loss: 0.050 
[6, 15000] loss: 0.412 
[6, 15200] loss: 0.450 
[6, 15400] loss: 0.270 
[6, 15600] loss: 0.104 
[6, 15800] loss: 0.243 
[6, 16000] loss: 0.325 
[6, 16200] loss: 0.112 
[6, 16400] loss: 0.319 
[6, 16600] loss: 0.366 
[6, 16800] loss: 0.273 
[6, 17000] loss: 0.397 
[6, 17200] loss: 0.281 
[6, 17400] loss: 0.492 
[6, 17600] loss: 0.289 
[6, 17800] loss: 0.301 
[6, 18000] loss: 0.227 
[6, 18200] loss: 0.279 
[6, 18400] loss: 0.247 
[6, 18600] loss: 0.235 
[7,   200] loss: 0.548 
[7,   400] loss: 0.422 
[7,   600] loss: 0.169 
[7,   800] loss: 0.303 
[7,  1000] loss: 0.162 
[7,  1200] loss: 0.441 
[7,  1400] loss: 0.317 
[7,  1600] loss: 0.206 
[7,  1800] loss: 0.793 
[7,  2000] loss: 0.163 
[7,  2200] loss: 0.136 
[7,  2400] loss: 0.341 
[7,  2600] loss: 0.315 
[7,  2800] loss: 0.260 
[7,  3000] loss: 0.008 
[7,  3200] loss: 0.090 
[7,  3400] loss: 0.279 
[7,  3600] loss: 0.263 
[7,  3800] loss: 0.387 
[7,  4000] loss: 0.242 
[7,  4200] loss: 0.357 
[7,  4400] loss: 0.165 
[7,  4600] loss: 0.441 
[7,  4800] loss: 0.183 
[7,  5000] loss: 0.537 
[7,  5200] loss: 0.419 
[7,  5400] loss: 0.483 
[7,  5600] loss: 0.388 
[7,  5800] loss: 0.566 
[7,  6000] loss: 0.204 
[7,  6200] loss: 0.419 
[7,  6400] loss: 0.389 
[7,  6600] loss: 0.052 
[7,  6800] loss: 0.282 
[7,  7000] loss: 0.360 
[7,  7200] loss: 0.444 
[7,  7400] loss: 0.517 
[7,  7600] loss: 0.156 
[7,  7800] loss: 0.278 
[7,  8000] loss: 0.548 
[7,  8200] loss: 0.166 
[7,  8400] loss: 0.612 
[7,  8600] loss: 0.291 
[7,  8800] loss: 0.137 
[7,  9000] loss: 0.379 
[7,  9200] loss: 0.329 
[7,  9400] loss: 0.500 
[7,  9600] loss: 0.359 
[7,  9800] loss: 0.338 
[7, 10000] loss: 0.188 
[7, 10200] loss: 0.227 
[7, 10400] loss: 0.450 
[7, 10600] loss: 0.444 
[7, 10800] loss: 0.122 
[7, 11000] loss: 0.128 
[7, 11200] loss: 0.267 
[7, 11400] loss: 0.207 
[7, 11600] loss: 0.434 
[7, 11800] loss: 0.371 
[7, 12000] loss: 0.465 
[7, 12200] loss: 0.319 
[7, 12400] loss: 0.303 
[7, 12600] loss: 0.312 
[7, 12800] loss: 0.376 
[7, 13000] loss: 0.263 
[7, 13200] loss: 0.503 
[7, 13400] loss: 0.222 
[7, 13600] loss: 0.626 
[7, 13800] loss: 0.232 
[7, 14000] loss: 0.163 
[7, 14200] loss: 0.315 
[7, 14400] loss: 0.045 
[7, 14600] loss: 0.056 
[7, 14800] loss: 0.159 
[7, 15000] loss: 0.173 
[7, 15200] loss: 0.479 
[7, 15400] loss: 0.245 
[7, 15600] loss: 0.247 
[7, 15800] loss: 0.404 
[7, 16000] loss: 0.690 
[7, 16200] loss: 0.133 
[7, 16400] loss: 0.271 
[7, 16600] loss: 0.504 
[7, 16800] loss: 0.171 
[7, 17000] loss: 0.536 
[7, 17200] loss: 0.076 
[7, 17400] loss: 0.388 
[7, 17600] loss: 0.385 
[7, 17800] loss: 0.091 
[7, 18000] loss: 0.200 
[7, 18200] loss: 0.131 
[7, 18400] loss: 0.304 
[7, 18600] loss: 0.214 
[8,   200] loss: 0.330 
[8,   400] loss: 0.216 
[8,   600] loss: 0.209 
[8,   800] loss: 0.212 
[8,  1000] loss: 0.360 
[8,  1200] loss: 0.434 
[8,  1400] loss: 0.411 
[8,  1600] loss: 0.216 
[8,  1800] loss: 0.314 
[8,  2000] loss: 0.400 
[8,  2200] loss: 0.417 
[8,  2400] loss: 0.204 
[8,  2600] loss: 0.259 
[8,  2800] loss: 0.132 
[8,  3000] loss: 0.193 
[8,  3200] loss: 0.206 
[8,  3400] loss: 0.383 
[8,  3600] loss: 0.463 
[8,  3800] loss: 0.358 
[8,  4000] loss: 0.102 
[8,  4200] loss: 0.277 
[8,  4400] loss: 0.324 
[8,  4600] loss: 0.128 
[8,  4800] loss: 0.254 
[8,  5000] loss: 0.228 
[8,  5200] loss: 0.172 
[8,  5400] loss: 0.214 
[8,  5600] loss: 0.227 
[8,  5800] loss: 0.265 
[8,  6000] loss: 0.288 
[8,  6200] loss: 0.154 
[8,  6400] loss: 0.238 
[8,  6600] loss: 0.270 
[8,  6800] loss: 0.591 
[8,  7000] loss: 0.226 
[8,  7200] loss: 0.242 
[8,  7400] loss: 0.273 
[8,  7600] loss: 0.404 
[8,  7800] loss: 0.119 
[8,  8000] loss: 0.195 
[8,  8200] loss: 0.261 
[8,  8400] loss: 0.142 
[8,  8600] loss: 0.181 
[8,  8800] loss: 0.383 
[8,  9000] loss: 0.070 
[8,  9200] loss: 0.170 
[8,  9400] loss: 0.306 
[8,  9600] loss: 0.238 
[8,  9800] loss: 0.186 
[8, 10000] loss: 0.521 
[8, 10200] loss: 0.292 
[8, 10400] loss: 0.173 
[8, 10600] loss: 0.289 
[8, 10800] loss: 0.435 
[8, 11000] loss: 0.267 
[8, 11200] loss: 0.266 
[8, 11400] loss: 0.317 
[8, 11600] loss: 0.199 
[8, 11800] loss: 0.218 
[8, 12000] loss: 0.264 
[8, 12200] loss: 0.158 
[8, 12400] loss: 0.292 
[8, 12600] loss: 0.345 
[8, 12800] loss: 0.125 
[8, 13000] loss: 1.149 
[8, 13200] loss: 0.069 
[8, 13400] loss: 0.036 
[8, 13600] loss: 0.287 
[8, 13800] loss: 0.073 
[8, 14000] loss: 0.165 
[8, 14200] loss: 0.375 
[8, 14400] loss: 0.320 
[8, 14600] loss: 0.157 
[8, 14800] loss: 0.222 
[8, 15000] loss: 0.160 
[8, 15200] loss: 0.206 
[8, 15400] loss: 0.690 
[8, 15600] loss: 0.104 
[8, 15800] loss: 0.129 
[8, 16000] loss: 0.140 
[8, 16200] loss: 0.078 
[8, 16400] loss: 0.209 
[8, 16600] loss: 0.303 
[8, 16800] loss: 0.486 
[8, 17000] loss: 0.573 
[8, 17200] loss: 0.179 
[8, 17400] loss: 0.433 
[8, 17600] loss: 0.153 
[8, 17800] loss: 0.147 
[8, 18000] loss: 0.124 
[8, 18200] loss: 0.348 
[8, 18400] loss: 0.225 
[8, 18600] loss: 0.364 
[9,   200] loss: 0.156 
[9,   400] loss: 0.275 
[9,   600] loss: 0.336 
[9,   800] loss: 0.400 
[9,  1000] loss: 0.261 
[9,  1200] loss: 0.163 
[9,  1400] loss: 0.137 
[9,  1600] loss: 0.173 
[9,  1800] loss: 0.200 
[9,  2000] loss: 0.194 
[9,  2200] loss: 0.070 
[9,  2400] loss: 0.297 
[9,  2600] loss: 0.215 
[9,  2800] loss: 0.167 
[9,  3000] loss: 0.316 
[9,  3200] loss: 0.191 
[9,  3400] loss: 0.409 
[9,  3600] loss: 0.239 
[9,  3800] loss: 0.027 
[9,  4000] loss: 0.255 
[9,  4200] loss: 0.206 
[9,  4400] loss: 0.519 
[9,  4600] loss: 0.202 
[9,  4800] loss: 0.132 
[9,  5000] loss: 0.220 
[9,  5200] loss: 0.018 
[9,  5400] loss: 0.238 
[9,  5600] loss: 0.363 
[9,  5800] loss: 0.606 
[9,  6000] loss: 0.459 
[9,  6200] loss: 0.423 
[9,  6400] loss: 0.185 
[9,  6600] loss: 0.230 
[9,  6800] loss: 0.140 
[9,  7000] loss: 0.340 
[9,  7200] loss: 0.250 
[9,  7400] loss: 0.136 
[9,  7600] loss: 0.268 
[9,  7800] loss: 0.476 
[9,  8000] loss: 0.389 
[9,  8200] loss: 0.263 
[9,  8400] loss: 0.260 
[9,  8600] loss: 0.328 
[9,  8800] loss: 0.445 
[9,  9000] loss: 0.558 
[9,  9200] loss: 0.348 
[9,  9400] loss: 0.142 
[9,  9600] loss: 0.487 
[9,  9800] loss: 0.253 
[9, 10000] loss: 0.120 
[9, 10200] loss: 0.173 
[9, 10400] loss: 0.328 
[9, 10600] loss: 0.114 
[9, 10800] loss: 0.508 
[9, 11000] loss: 0.207 
[9, 11200] loss: 0.195 
[9, 11400] loss: 0.233 
[9, 11600] loss: 0.044 
[9, 11800] loss: 0.170 
[9, 12000] loss: 0.239 
[9, 12200] loss: 0.582 
[9, 12400] loss: 0.490 
[9, 12600] loss: 0.242 
[9, 12800] loss: 0.101 
[9, 13000] loss: 0.117 
[9, 13200] loss: 0.179 
[9, 13400] loss: 0.199 
[9, 13600] loss: 0.248 
[9, 13800] loss: 0.306 
[9, 14000] loss: 0.033 
[9, 14200] loss: 0.200 
[9, 14400] loss: 0.067 
[9, 14600] loss: 0.085 
[9, 14800] loss: 0.339 
[9, 15000] loss: 0.239 
[9, 15200] loss: 0.393 
[9, 15400] loss: 0.176 
[9, 15600] loss: 0.255 
[9, 15800] loss: 0.276 
[9, 16000] loss: 0.320 
[9, 16200] loss: 0.228 
[9, 16400] loss: 0.313 
[9, 16600] loss: 0.181 
[9, 16800] loss: 0.256 
[9, 17000] loss: 0.502 
[9, 17200] loss: 0.152 
[9, 17400] loss: 0.420 
[9, 17600] loss: 0.348 
[9, 17800] loss: 0.402 
[9, 18000] loss: 0.462 
[9, 18200] loss: 0.263 
[9, 18400] loss: 0.303 
[9, 18600] loss: 0.225 
[10,   200] loss: 0.063 
[10,   400] loss: 0.134 
[10,   600] loss: 0.222 
[10,   800] loss: 0.312 
[10,  1000] loss: 0.118 
[10,  1200] loss: 0.310 
[10,  1400] loss: 0.252 
[10,  1600] loss: 0.058 
[10,  1800] loss: 0.255 
[10,  2000] loss: 0.237 
[10,  2200] loss: 0.143 
[10,  2400] loss: 0.299 
[10,  2600] loss: 0.255 
[10,  2800] loss: 0.131 
[10,  3000] loss: 0.194 
[10,  3200] loss: 0.320 
[10,  3400] loss: 0.191 
[10,  3600] loss: 0.202 
[10,  3800] loss: 0.268 
[10,  4000] loss: 0.076 
[10,  4200] loss: 0.232 
[10,  4400] loss: 0.158 
[10,  4600] loss: 0.638 
[10,  4800] loss: 0.470 
[10,  5000] loss: 0.277 
[10,  5200] loss: 0.229 
[10,  5400] loss: 0.286 
[10,  5600] loss: 0.341 
[10,  5800] loss: 0.307 
[10,  6000] loss: 0.306 
[10,  6200] loss: 0.190 
[10,  6400] loss: 0.183 
[10,  6600] loss: 0.341 
[10,  6800] loss: 0.571 
[10,  7000] loss: 0.279 
[10,  7200] loss: 0.463 
[10,  7400] loss: 0.207 
[10,  7600] loss: 0.246 
[10,  7800] loss: 0.075 
[10,  8000] loss: 0.312 
[10,  8200] loss: 0.110 
[10,  8400] loss: 0.104 
[10,  8600] loss: 0.143 
[10,  8800] loss: 0.242 
[10,  9000] loss: 0.250 
[10,  9200] loss: 0.277 
[10,  9400] loss: 0.288 
[10,  9600] loss: 0.460 
[10,  9800] loss: 0.104 
[10, 10000] loss: 0.537 
[10, 10200] loss: 0.067 
[10, 10400] loss: 0.204 
[10, 10600] loss: 0.388 
[10, 10800] loss: 0.439 
[10, 11000] loss: 0.177 
[10, 11200] loss: 0.171 
[10, 11400] loss: 0.003 
[10, 11600] loss: 0.435 
[10, 11800] loss: 0.306 
[10, 12000] loss: 0.304 
[10, 12200] loss: 0.228 
[10, 12400] loss: 0.198 
[10, 12600] loss: 0.258 
[10, 12800] loss: 0.370 
[10, 13000] loss: 0.180 
[10, 13200] loss: 0.257 
[10, 13400] loss: 0.306 
[10, 13600] loss: 0.244 
[10, 13800] loss: 0.281 
[10, 14000] loss: 0.147 
[10, 14200] loss: 0.017 
[10, 14400] loss: 0.281 
[10, 14600] loss: 0.309 
[10, 14800] loss: 0.313 
[10, 15000] loss: 0.799 
[10, 15200] loss: 0.382 
[10, 15400] loss: 0.035 
[10, 15600] loss: 0.285 
[10, 15800] loss: 0.243 
[10, 16000] loss: 0.115 
[10, 16200] loss: 0.075 
[10, 16400] loss: 0.231 
[10, 16600] loss: 0.250 
[10, 16800] loss: 0.282 
[10, 17000] loss: 0.371 
[10, 17200] loss: 0.317 
[10, 17400] loss: 0.218 
[10, 17600] loss: 0.200 
[10, 17800] loss: 0.162 
[10, 18000] loss: 0.284 
[10, 18200] loss: 0.246 
[10, 18400] loss: 0.345 
[10, 18600] loss: 0.295 
