[0,   200] loss: 1.504 
[0,   400] loss: 0.878 
[0,   600] loss: 0.925 
[0,   800] loss: 0.743 
[0,  1000] loss: 0.901 
[0,  1200] loss: 0.697 
[0,  1400] loss: 0.618 
[0,  1600] loss: 0.765 
[0,  1800] loss: 0.464 
[0,  2000] loss: 0.610 
[0,  2200] loss: 0.595 
[0,  2400] loss: 1.130 
[0,  2600] loss: 0.479 
[0,  2800] loss: 0.539 
[0,  3000] loss: 0.624 
[0,  3200] loss: 0.723 
[0,  3400] loss: 0.462 
[0,  3600] loss: 0.484 
[0,  3800] loss: 0.588 
[0,  4000] loss: 0.606 
[0,  4200] loss: 0.693 
[0,  4400] loss: 0.412 
[0,  4600] loss: 0.675 
[0,  4800] loss: 0.655 
[0,  5000] loss: 0.882 
[0,  5200] loss: 0.768 
[0,  5400] loss: 0.573 
[0,  5600] loss: 0.414 
[0,  5800] loss: 0.689 
[0,  6000] loss: 0.634 
[0,  6200] loss: 0.229 
[0,  6400] loss: 0.346 
[0,  6600] loss: 0.992 
[0,  6800] loss: 0.261 
[0,  7000] loss: 0.287 
[0,  7200] loss: 0.311 
[0,  7400] loss: 0.304 
[0,  7600] loss: 0.512 
[0,  7800] loss: 0.443 
[0,  8000] loss: 0.837 
[0,  8200] loss: 0.521 
[0,  8400] loss: 0.852 
[0,  8600] loss: 0.396 
[0,  8800] loss: 0.535 
[0,  9000] loss: 0.337 
[0,  9200] loss: 0.489 
[0,  9400] loss: 0.700 
[0,  9600] loss: 0.513 
[0,  9800] loss: 0.461 
[0, 10000] loss: 0.564 
[0, 10200] loss: 0.500 
[0, 10400] loss: 0.542 
[0, 10600] loss: 0.429 
[0, 10800] loss: 0.496 
[0, 11000] loss: 0.234 
[0, 11200] loss: 0.225 
[0, 11400] loss: 0.400 
[0, 11600] loss: 0.359 
[0, 11800] loss: 0.455 
[0, 12000] loss: 0.631 
[0, 12200] loss: 0.705 
[0, 12400] loss: 0.097 
[0, 12600] loss: 0.572 
[0, 12800] loss: 0.812 
[0, 13000] loss: 0.366 
[0, 13200] loss: 0.155 
[0, 13400] loss: 0.626 
[0, 13600] loss: 0.376 
[0, 13800] loss: 0.517 
[0, 14000] loss: 0.491 
[0, 14200] loss: 0.498 
[0, 14400] loss: 0.402 
[0, 14600] loss: 0.187 
[0, 14800] loss: 0.460 
[0, 15000] loss: 0.428 
[0, 15200] loss: 0.315 
[0, 15400] loss: 0.300 
[0, 15600] loss: 0.371 
[0, 15800] loss: 0.301 
[0, 16000] loss: 0.261 
[0, 16200] loss: 0.318 
[0, 16400] loss: 0.665 
[0, 16600] loss: 0.556 
[0, 16800] loss: 0.586 
[0, 17000] loss: 0.310 
[0, 17200] loss: 0.325 
[0, 17400] loss: 0.666 
[0, 17600] loss: 0.369 
[0, 17800] loss: 0.345 
[0, 18000] loss: 0.220 
[0, 18200] loss: 0.355 
[0, 18400] loss: 0.400 
[0, 18600] loss: 0.445 
[1,   200] loss: 0.286 
[1,   400] loss: 0.273 
[1,   600] loss: 0.427 
[1,   800] loss: 0.586 
[1,  1000] loss: 0.193 
[1,  1200] loss: 0.612 
[1,  1400] loss: 0.380 
[1,  1600] loss: 0.421 
[1,  1800] loss: 0.415 
[1,  2000] loss: 0.482 
[1,  2200] loss: 0.304 
[1,  2400] loss: 0.343 
[1,  2600] loss: 0.617 
[1,  2800] loss: 0.499 
[1,  3000] loss: 0.276 
[1,  3200] loss: 0.494 
[1,  3400] loss: 0.196 
[1,  3600] loss: 0.470 
[1,  3800] loss: 0.607 
[1,  4000] loss: 0.766 
[1,  4200] loss: 0.330 
[1,  4400] loss: 0.900 
[1,  4600] loss: 0.332 
[1,  4800] loss: 0.499 
[1,  5000] loss: 0.505 
[1,  5200] loss: 0.393 
[1,  5400] loss: 0.251 
[1,  5600] loss: 0.383 
[1,  5800] loss: 0.462 
[1,  6000] loss: 0.345 
[1,  6200] loss: 0.512 
[1,  6400] loss: 0.218 
[1,  6600] loss: 0.262 
[1,  6800] loss: 0.325 
[1,  7000] loss: 0.672 
[1,  7200] loss: 0.539 
[1,  7400] loss: 0.682 
[1,  7600] loss: 0.596 
[1,  7800] loss: 0.122 
[1,  8000] loss: 0.400 
[1,  8200] loss: 0.437 
[1,  8400] loss: 0.473 
[1,  8600] loss: 0.324 
[1,  8800] loss: 0.182 
[1,  9000] loss: 0.248 
[1,  9200] loss: 0.112 
[1,  9400] loss: 0.184 
[1,  9600] loss: 0.203 
[1,  9800] loss: 0.285 
[1, 10000] loss: 0.235 
[1, 10200] loss: 0.436 
[1, 10400] loss: 0.236 
[1, 10600] loss: 0.222 
[1, 10800] loss: 0.344 
[1, 11000] loss: 0.189 
[1, 11200] loss: 0.240 
[1, 11400] loss: 0.293 
[1, 11600] loss: 0.276 
[1, 11800] loss: 0.370 
[1, 12000] loss: 0.744 
[1, 12200] loss: 0.390 
[1, 12400] loss: 0.283 
[1, 12600] loss: 0.165 
[1, 12800] loss: 0.453 
[1, 13000] loss: 0.262 
[1, 13200] loss: 0.424 
[1, 13400] loss: 0.472 
[1, 13600] loss: 0.463 
[1, 13800] loss: 0.294 
[1, 14000] loss: 0.298 
[1, 14200] loss: 0.579 
[1, 14400] loss: 0.162 
[1, 14600] loss: 0.163 
[1, 14800] loss: 0.418 
[1, 15000] loss: 0.403 
[1, 15200] loss: 0.329 
[1, 15400] loss: 0.270 
[1, 15600] loss: 0.457 
[1, 15800] loss: 0.261 
[1, 16000] loss: 0.186 
[1, 16200] loss: 0.431 
[1, 16400] loss: 0.170 
[1, 16600] loss: 0.230 
[1, 16800] loss: 0.335 
[1, 17000] loss: 0.212 
[1, 17200] loss: 0.343 
[1, 17400] loss: 0.441 
[1, 17600] loss: 0.377 
[1, 17800] loss: 0.469 
[1, 18000] loss: 0.242 
[1, 18200] loss: 0.305 
[1, 18400] loss: 0.569 
[1, 18600] loss: 0.248 
[2,   200] loss: 0.429 
[2,   400] loss: 0.493 
[2,   600] loss: 0.094 
[2,   800] loss: 0.398 
[2,  1000] loss: 0.501 
[2,  1200] loss: 0.315 
[2,  1400] loss: 0.349 
[2,  1600] loss: 0.496 
[2,  1800] loss: 0.155 
[2,  2000] loss: 0.285 
[2,  2200] loss: 0.323 
[2,  2400] loss: 0.434 
[2,  2600] loss: 0.175 
[2,  2800] loss: 0.416 
[2,  3000] loss: 0.347 
[2,  3200] loss: 0.359 
[2,  3400] loss: 0.246 
[2,  3600] loss: 0.370 
[2,  3800] loss: 0.309 
[2,  4000] loss: 0.513 
[2,  4200] loss: 0.279 
[2,  4400] loss: 0.324 
[2,  4600] loss: 0.224 
[2,  4800] loss: 0.432 
[2,  5000] loss: 0.609 
[2,  5200] loss: 0.346 
[2,  5400] loss: 0.516 
[2,  5600] loss: 0.427 
[2,  5800] loss: 0.085 
[2,  6000] loss: 0.438 
[2,  6200] loss: 0.083 
[2,  6400] loss: 0.383 
[2,  6600] loss: 0.431 
[2,  6800] loss: 0.307 
[2,  7000] loss: 0.275 
[2,  7200] loss: 0.399 
[2,  7400] loss: 0.261 
[2,  7600] loss: 0.226 
[2,  7800] loss: 0.291 
[2,  8000] loss: 0.121 
[2,  8200] loss: 0.206 
[2,  8400] loss: 0.588 
[2,  8600] loss: 0.367 
[2,  8800] loss: 0.207 
[2,  9000] loss: 0.186 
[2,  9200] loss: 0.490 
[2,  9400] loss: 0.221 
[2,  9600] loss: 0.468 
[2,  9800] loss: 0.192 
[2, 10000] loss: 0.358 
[2, 10200] loss: 0.575 
[2, 10400] loss: 0.274 
[2, 10600] loss: 0.268 
[2, 10800] loss: 0.429 
[2, 11000] loss: 0.225 
[2, 11200] loss: 0.142 
[2, 11400] loss: 0.251 
[2, 11600] loss: 0.231 
[2, 11800] loss: 0.477 
[2, 12000] loss: 0.261 
[2, 12200] loss: 0.376 
[2, 12400] loss: 0.365 
[2, 12600] loss: 0.268 
[2, 12800] loss: 0.432 
[2, 13000] loss: 0.415 
[2, 13200] loss: 0.212 
[2, 13400] loss: 0.578 
[2, 13600] loss: 0.045 
[2, 13800] loss: 0.276 
[2, 14000] loss: 0.564 
[2, 14200] loss: 0.395 
[2, 14400] loss: 0.470 
[2, 14600] loss: 0.306 
[2, 14800] loss: 0.473 
[2, 15000] loss: 0.533 
[2, 15200] loss: 0.119 
[2, 15400] loss: 0.433 
[2, 15600] loss: 0.413 
[2, 15800] loss: 0.143 
[2, 16000] loss: 0.364 
[2, 16200] loss: 0.162 
[2, 16400] loss: 0.332 
[2, 16600] loss: 0.130 
[2, 16800] loss: 0.397 
[2, 17000] loss: 0.328 
[2, 17200] loss: 0.492 
[2, 17400] loss: 0.379 
[2, 17600] loss: 0.128 
[2, 17800] loss: 0.180 
[2, 18000] loss: 0.256 
[2, 18200] loss: 0.153 
[2, 18400] loss: 0.553 
[2, 18600] loss: 0.268 
[3,   200] loss: 0.188 
[3,   400] loss: 0.541 
[3,   600] loss: 0.132 
[3,   800] loss: 0.193 
[3,  1000] loss: 0.579 
[3,  1200] loss: 0.402 
[3,  1400] loss: 0.376 
[3,  1600] loss: 0.173 
[3,  1800] loss: 0.428 
[3,  2000] loss: 0.204 
[3,  2200] loss: 0.177 
[3,  2400] loss: 0.297 
[3,  2600] loss: 0.148 
[3,  2800] loss: 0.237 
[3,  3000] loss: 0.654 
[3,  3200] loss: 0.558 
[3,  3400] loss: 0.191 
[3,  3600] loss: 0.619 
[3,  3800] loss: 0.498 
[3,  4000] loss: 0.694 
[3,  4200] loss: 0.381 
[3,  4400] loss: 0.246 
[3,  4600] loss: 0.243 
[3,  4800] loss: 0.212 
[3,  5000] loss: 0.247 
[3,  5200] loss: 0.371 
[3,  5400] loss: 0.549 
[3,  5600] loss: 0.148 
[3,  5800] loss: 0.659 
[3,  6000] loss: 0.127 
[3,  6200] loss: 0.216 
[3,  6400] loss: 0.541 
[3,  6600] loss: 0.152 
[3,  6800] loss: 0.543 
[3,  7000] loss: 0.277 
[3,  7200] loss: 0.284 
[3,  7400] loss: 0.399 
[3,  7600] loss: 0.235 
[3,  7800] loss: 0.247 
[3,  8000] loss: 0.216 
[3,  8200] loss: 0.219 
[3,  8400] loss: 0.251 
[3,  8600] loss: 0.426 
[3,  8800] loss: 0.329 
[3,  9000] loss: 0.470 
[3,  9200] loss: 0.508 
[3,  9400] loss: 0.438 
[3,  9600] loss: 0.296 
[3,  9800] loss: 0.344 
[3, 10000] loss: 0.269 
[3, 10200] loss: 0.527 
[3, 10400] loss: 0.088 
[3, 10600] loss: 0.150 
[3, 10800] loss: 0.267 
[3, 11000] loss: 0.285 
[3, 11200] loss: 0.239 
[3, 11400] loss: 0.280 
[3, 11600] loss: 0.437 
[3, 11800] loss: 0.661 
[3, 12000] loss: 0.273 
[3, 12200] loss: 0.170 
[3, 12400] loss: 0.205 
[3, 12600] loss: 0.185 
[3, 12800] loss: 0.219 
[3, 13000] loss: 0.069 
[3, 13200] loss: 0.137 
[3, 13400] loss: 0.404 
[3, 13600] loss: 0.293 
[3, 13800] loss: 0.223 
[3, 14000] loss: 0.210 
[3, 14200] loss: 0.289 
[3, 14400] loss: 0.565 
[3, 14600] loss: 0.107 
[3, 14800] loss: 0.406 
[3, 15000] loss: 0.242 
[3, 15200] loss: 0.525 
[3, 15400] loss: 0.141 
[3, 15600] loss: 0.135 
[3, 15800] loss: 0.195 
[3, 16000] loss: 0.435 
[3, 16200] loss: 0.216 
[3, 16400] loss: 0.318 
[3, 16600] loss: 0.146 
[3, 16800] loss: 0.174 
[3, 17000] loss: 0.177 
[3, 17200] loss: 0.273 
[3, 17400] loss: 0.282 
[3, 17600] loss: 0.139 
[3, 17800] loss: 0.199 
[3, 18000] loss: 0.222 
[3, 18200] loss: 0.411 
[3, 18400] loss: 0.241 
[3, 18600] loss: 0.734 
[4,   200] loss: 0.525 
[4,   400] loss: 0.126 
[4,   600] loss: 0.220 
[4,   800] loss: 0.270 
[4,  1000] loss: 0.162 
[4,  1200] loss: 0.434 
[4,  1400] loss: 0.563 
[4,  1600] loss: 0.342 
[4,  1800] loss: 0.376 
[4,  2000] loss: 0.211 
[4,  2200] loss: 0.401 
[4,  2400] loss: 0.112 
[4,  2600] loss: 0.410 
[4,  2800] loss: 0.325 
[4,  3000] loss: 0.218 
[4,  3200] loss: 0.306 
[4,  3400] loss: 0.314 
[4,  3600] loss: 0.094 
[4,  3800] loss: 0.504 
[4,  4000] loss: 0.366 
[4,  4200] loss: 0.299 
[4,  4400] loss: 0.246 
[4,  4600] loss: 0.202 
[4,  4800] loss: 0.173 
[4,  5000] loss: 0.244 
[4,  5200] loss: 0.269 
[4,  5400] loss: 0.117 
[4,  5600] loss: 0.130 
[4,  5800] loss: 0.210 
[4,  6000] loss: 0.200 
[4,  6200] loss: 0.511 
[4,  6400] loss: 0.252 
[4,  6600] loss: 0.159 
[4,  6800] loss: 0.156 
[4,  7000] loss: 0.363 
[4,  7200] loss: 0.269 
[4,  7400] loss: 0.524 
[4,  7600] loss: 0.253 
[4,  7800] loss: 0.436 
[4,  8000] loss: 0.259 
[4,  8200] loss: 0.425 
[4,  8400] loss: 0.206 
[4,  8600] loss: 0.327 
[4,  8800] loss: 0.222 
[4,  9000] loss: 0.417 
[4,  9200] loss: 0.500 
[4,  9400] loss: 0.373 
[4,  9600] loss: 0.214 
[4,  9800] loss: 0.378 
[4, 10000] loss: 0.129 
[4, 10200] loss: 0.377 
[4, 10400] loss: 0.207 
[4, 10600] loss: 0.367 
[4, 10800] loss: 0.182 
[4, 11000] loss: 0.248 
[4, 11200] loss: 0.296 
[4, 11400] loss: 0.088 
[4, 11600] loss: 0.227 
[4, 11800] loss: 0.186 
[4, 12000] loss: 0.510 
[4, 12200] loss: 0.170 
[4, 12400] loss: 0.351 
[4, 12600] loss: 0.207 
[4, 12800] loss: 0.317 
[4, 13000] loss: 0.023 
[4, 13200] loss: 0.098 
[4, 13400] loss: 0.368 
[4, 13600] loss: 0.401 
[4, 13800] loss: 0.163 
[4, 14000] loss: 0.243 
[4, 14200] loss: 0.055 
[4, 14400] loss: 0.300 
[4, 14600] loss: 0.526 
[4, 14800] loss: 0.488 
[4, 15000] loss: 0.159 
[4, 15200] loss: 0.232 
[4, 15400] loss: 0.207 
[4, 15600] loss: 0.170 
[4, 15800] loss: 0.463 
[4, 16000] loss: 0.383 
[4, 16200] loss: 0.151 
[4, 16400] loss: 0.147 
[4, 16600] loss: 0.152 
[4, 16800] loss: 0.174 
[4, 17000] loss: 0.351 
[4, 17200] loss: 0.579 
[4, 17400] loss: 0.398 
[4, 17600] loss: 0.116 
[4, 17800] loss: 0.277 
[4, 18000] loss: 0.453 
[4, 18200] loss: 0.432 
[4, 18400] loss: 0.097 
[4, 18600] loss: 0.361 
[5,   200] loss: 0.263 
[5,   400] loss: 0.270 
[5,   600] loss: 0.153 
[5,   800] loss: 0.277 
[5,  1000] loss: 0.190 
[5,  1200] loss: 0.193 
[5,  1400] loss: 0.055 
[5,  1600] loss: 0.224 
[5,  1800] loss: 0.170 
[5,  2000] loss: 0.114 
[5,  2200] loss: 0.257 
[5,  2400] loss: 0.074 
[5,  2600] loss: 0.106 
[5,  2800] loss: 0.282 
[5,  3000] loss: 0.337 
[5,  3200] loss: 0.462 
[5,  3400] loss: 0.272 
[5,  3600] loss: 0.162 
[5,  3800] loss: 0.129 
[5,  4000] loss: 0.394 
[5,  4200] loss: 0.190 
[5,  4400] loss: 0.280 
[5,  4600] loss: 0.213 
[5,  4800] loss: 0.444 
[5,  5000] loss: 0.089 
[5,  5200] loss: 0.448 
[5,  5400] loss: 0.033 
[5,  5600] loss: 0.091 
[5,  5800] loss: 0.073 
[5,  6000] loss: 0.101 
[5,  6200] loss: 0.155 
[5,  6400] loss: 0.105 
[5,  6600] loss: 0.080 
[5,  6800] loss: 0.219 
[5,  7000] loss: 0.282 
[5,  7200] loss: 0.116 
[5,  7400] loss: 0.337 
[5,  7600] loss: 0.216 
[5,  7800] loss: 0.181 
[5,  8000] loss: 0.256 
[5,  8200] loss: 0.109 
[5,  8400] loss: 0.097 
[5,  8600] loss: 0.221 
[5,  8800] loss: 0.523 
[5,  9000] loss: 0.451 
[5,  9200] loss: 0.027 
[5,  9400] loss: 0.037 
[5,  9600] loss: 0.156 
[5,  9800] loss: 0.290 
[5, 10000] loss: 0.078 
[5, 10200] loss: 0.337 
[5, 10400] loss: 0.129 
[5, 10600] loss: 0.140 
[5, 10800] loss: 0.197 
[5, 11000] loss: 0.228 
[5, 11200] loss: 0.433 
[5, 11400] loss: 0.612 
[5, 11600] loss: 0.122 
[5, 11800] loss: 0.672 
[5, 12000] loss: 0.267 
[5, 12200] loss: 0.055 
[5, 12400] loss: 0.262 
[5, 12600] loss: 0.353 
[5, 12800] loss: 0.372 
[5, 13000] loss: 0.309 
[5, 13200] loss: 0.159 
[5, 13400] loss: 0.530 
[5, 13600] loss: 0.134 
[5, 13800] loss: 0.417 
[5, 14000] loss: 0.247 
[5, 14200] loss: 0.482 
[5, 14400] loss: 0.236 
[5, 14600] loss: 0.483 
[5, 14800] loss: 0.191 
[5, 15000] loss: 0.101 
[5, 15200] loss: 0.186 
[5, 15400] loss: 0.252 
[5, 15600] loss: 0.304 
[5, 15800] loss: 0.191 
[5, 16000] loss: 0.147 
[5, 16200] loss: 0.541 
[5, 16400] loss: 0.267 
[5, 16600] loss: 0.548 
[5, 16800] loss: 0.170 
[5, 17000] loss: 0.186 
[5, 17200] loss: 0.387 
[5, 17400] loss: 0.378 
[5, 17600] loss: 0.225 
[5, 17800] loss: 0.222 
[5, 18000] loss: 0.405 
[5, 18200] loss: 0.256 
[5, 18400] loss: 0.173 
[5, 18600] loss: 0.270 
[6,   200] loss: 0.176 
[6,   400] loss: 0.037 
[6,   600] loss: 0.247 
[6,   800] loss: 0.080 
[6,  1000] loss: 0.172 
[6,  1200] loss: 0.165 
[6,  1400] loss: 0.121 
[6,  1600] loss: 0.261 
[6,  1800] loss: 0.134 
[6,  2000] loss: 0.279 
[6,  2200] loss: 0.364 
[6,  2400] loss: 0.120 
[6,  2600] loss: 0.315 
[6,  2800] loss: 0.217 
[6,  3000] loss: 0.335 
[6,  3200] loss: 0.234 
[6,  3400] loss: 0.277 
[6,  3600] loss: 0.293 
[6,  3800] loss: 0.298 
[6,  4000] loss: 0.104 
[6,  4200] loss: 0.273 
[6,  4400] loss: 0.106 
[6,  4600] loss: 0.328 
[6,  4800] loss: 0.081 
[6,  5000] loss: 0.386 
[6,  5200] loss: 0.156 
[6,  5400] loss: 0.141 
[6,  5600] loss: 0.119 
[6,  5800] loss: 0.140 
[6,  6000] loss: 0.220 
[6,  6200] loss: 0.247 
[6,  6400] loss: 0.391 
[6,  6600] loss: 0.152 
[6,  6800] loss: 0.466 
[6,  7000] loss: 0.411 
[6,  7200] loss: 0.580 
[6,  7400] loss: 0.184 
[6,  7600] loss: 0.094 
[6,  7800] loss: 0.121 
[6,  8000] loss: 0.327 
[6,  8200] loss: 0.272 
[6,  8400] loss: 0.108 
[6,  8600] loss: 0.130 
[6,  8800] loss: 0.155 
[6,  9000] loss: 0.212 
[6,  9200] loss: 0.331 
[6,  9400] loss: 0.210 
[6,  9600] loss: 0.040 
[6,  9800] loss: 0.199 
[6, 10000] loss: 0.175 
[6, 10200] loss: 0.329 
[6, 10400] loss: 0.179 
[6, 10600] loss: 0.252 
[6, 10800] loss: 0.164 
[6, 11000] loss: 0.264 
[6, 11200] loss: 0.230 
[6, 11400] loss: 0.089 
[6, 11600] loss: 0.241 
[6, 11800] loss: 0.320 
[6, 12000] loss: 0.272 
[6, 12200] loss: 0.144 
[6, 12400] loss: 0.170 
[6, 12600] loss: 0.100 
[6, 12800] loss: 0.231 
[6, 13000] loss: 0.263 
[6, 13200] loss: 0.229 
[6, 13400] loss: 0.160 
[6, 13600] loss: 0.152 
[6, 13800] loss: 0.286 
[6, 14000] loss: 0.088 
[6, 14200] loss: 0.117 
[6, 14400] loss: 0.392 
[6, 14600] loss: 0.313 
[6, 14800] loss: 0.329 
[6, 15000] loss: 0.234 
[6, 15200] loss: 0.263 
[6, 15400] loss: 0.142 
[6, 15600] loss: 0.586 
[6, 15800] loss: 0.201 
[6, 16000] loss: 0.403 
[6, 16200] loss: 0.226 
[6, 16400] loss: 0.180 
[6, 16600] loss: 0.211 
[6, 16800] loss: 0.172 
[6, 17000] loss: 0.293 
[6, 17200] loss: 0.167 
[6, 17400] loss: 0.258 
[6, 17600] loss: 0.124 
[6, 17800] loss: 0.265 
[6, 18000] loss: 0.206 
[6, 18200] loss: 0.205 
[6, 18400] loss: 0.052 
[6, 18600] loss: 0.260 
[7,   200] loss: 0.260 
[7,   400] loss: 0.275 
[7,   600] loss: 0.283 
[7,   800] loss: 0.059 
[7,  1000] loss: 0.106 
[7,  1200] loss: 0.135 
[7,  1400] loss: 0.169 
[7,  1600] loss: 0.526 
[7,  1800] loss: 0.194 
[7,  2000] loss: 0.285 
[7,  2200] loss: 0.169 
[7,  2400] loss: 0.280 
[7,  2600] loss: 0.225 
[7,  2800] loss: 0.213 
[7,  3000] loss: 0.279 
[7,  3200] loss: 0.128 
[7,  3400] loss: 0.434 
[7,  3600] loss: 0.237 
[7,  3800] loss: 0.222 
[7,  4000] loss: 0.119 
[7,  4200] loss: 0.262 
[7,  4400] loss: 0.438 
[7,  4600] loss: 0.120 
[7,  4800] loss: 0.079 
[7,  5000] loss: 0.472 
[7,  5200] loss: 0.129 
[7,  5400] loss: 0.372 
[7,  5600] loss: 0.251 
[7,  5800] loss: 0.097 
[7,  6000] loss: 0.147 
[7,  6200] loss: 0.086 
[7,  6400] loss: 0.426 
[7,  6600] loss: 0.147 
[7,  6800] loss: 0.271 
[7,  7000] loss: 0.676 
[7,  7200] loss: 0.353 
[7,  7400] loss: 0.312 
[7,  7600] loss: 0.240 
[7,  7800] loss: 0.162 
[7,  8000] loss: 0.287 
[7,  8200] loss: 0.119 
[7,  8400] loss: 0.262 
[7,  8600] loss: 0.252 
[7,  8800] loss: 0.181 
[7,  9000] loss: 0.229 
[7,  9200] loss: 0.273 
[7,  9400] loss: 0.219 
[7,  9600] loss: 0.450 
[7,  9800] loss: 0.248 
[7, 10000] loss: 0.236 
[7, 10200] loss: 0.231 
[7, 10400] loss: 0.172 
[7, 10600] loss: 0.140 
[7, 10800] loss: 0.239 
[7, 11000] loss: 0.225 
[7, 11200] loss: 0.486 
[7, 11400] loss: 0.272 
[7, 11600] loss: 0.127 
[7, 11800] loss: 0.212 
[7, 12000] loss: 0.275 
[7, 12200] loss: 0.139 
[7, 12400] loss: 0.054 
[7, 12600] loss: 0.871 
[7, 12800] loss: 0.464 
[7, 13000] loss: 0.278 
[7, 13200] loss: 0.484 
[7, 13400] loss: 0.145 
[7, 13600] loss: 0.154 
[7, 13800] loss: 0.111 
[7, 14000] loss: 0.309 
[7, 14200] loss: 0.307 
[7, 14400] loss: 0.165 
[7, 14600] loss: 0.341 
[7, 14800] loss: 0.130 
[7, 15000] loss: 0.187 
[7, 15200] loss: 0.216 
[7, 15400] loss: 0.235 
[7, 15600] loss: 0.143 
[7, 15800] loss: 0.280 
[7, 16000] loss: 0.105 
[7, 16200] loss: 0.186 
[7, 16400] loss: 0.117 
[7, 16600] loss: 0.460 
[7, 16800] loss: 0.079 
[7, 17000] loss: 0.329 
[7, 17200] loss: 0.570 
[7, 17400] loss: 0.363 
[7, 17600] loss: 0.144 
[7, 17800] loss: 0.264 
[7, 18000] loss: 0.158 
[7, 18200] loss: 0.204 
[7, 18400] loss: 0.246 
[7, 18600] loss: 0.136 
[8,   200] loss: 0.081 
[8,   400] loss: 0.152 
[8,   600] loss: 0.361 
[8,   800] loss: 0.033 
[8,  1000] loss: 0.126 
[8,  1200] loss: 0.223 
[8,  1400] loss: 0.303 
[8,  1600] loss: 0.472 
[8,  1800] loss: 0.303 
[8,  2000] loss: 0.168 
[8,  2200] loss: 0.272 
[8,  2400] loss: 0.128 
[8,  2600] loss: 0.054 
[8,  2800] loss: 0.394 
[8,  3000] loss: 0.293 
[8,  3200] loss: 0.243 
[8,  3400] loss: 0.102 
[8,  3600] loss: 0.264 
[8,  3800] loss: 0.045 
[8,  4000] loss: 0.131 
[8,  4200] loss: 0.321 
[8,  4400] loss: 0.055 
[8,  4600] loss: 0.070 
[8,  4800] loss: 0.041 
[8,  5000] loss: 0.137 
[8,  5200] loss: 0.337 
[8,  5400] loss: 0.137 
[8,  5600] loss: 0.169 
[8,  5800] loss: 0.175 
[8,  6000] loss: 0.151 
[8,  6200] loss: 0.321 
[8,  6400] loss: 0.230 
[8,  6600] loss: 0.102 
[8,  6800] loss: 0.288 
[8,  7000] loss: 0.119 
[8,  7200] loss: 0.090 
[8,  7400] loss: 0.191 
[8,  7600] loss: 0.079 
[8,  7800] loss: 0.424 
[8,  8000] loss: 0.210 
[8,  8200] loss: 0.406 
[8,  8400] loss: 0.113 
[8,  8600] loss: 0.102 
[8,  8800] loss: 0.095 
[8,  9000] loss: 0.033 
[8,  9200] loss: 0.245 
[8,  9400] loss: 0.351 
[8,  9600] loss: 0.139 
[8,  9800] loss: 0.063 
[8, 10000] loss: 0.257 
[8, 10200] loss: 0.460 
[8, 10400] loss: 0.101 
[8, 10600] loss: 0.285 
[8, 10800] loss: 0.352 
[8, 11000] loss: 0.112 
[8, 11200] loss: 0.235 
[8, 11400] loss: 0.276 
[8, 11600] loss: 0.136 
[8, 11800] loss: 0.151 
[8, 12000] loss: 0.110 
[8, 12200] loss: 0.503 
[8, 12400] loss: 0.076 
[8, 12600] loss: 0.114 
[8, 12800] loss: 0.172 
[8, 13000] loss: 0.273 
[8, 13200] loss: 0.150 
[8, 13400] loss: 0.098 
[8, 13600] loss: 0.137 
[8, 13800] loss: 0.205 
[8, 14000] loss: 0.180 
[8, 14200] loss: 0.201 
[8, 14400] loss: 0.157 
[8, 14600] loss: 0.238 
[8, 14800] loss: 0.170 
[8, 15000] loss: 0.304 
[8, 15200] loss: 0.224 
[8, 15400] loss: 0.200 
[8, 15600] loss: 0.306 
[8, 15800] loss: 0.265 
[8, 16000] loss: 0.113 
[8, 16200] loss: 0.122 
[8, 16400] loss: 0.265 
[8, 16600] loss: 0.235 
[8, 16800] loss: 0.507 
[8, 17000] loss: 0.567 
[8, 17200] loss: 0.341 
[8, 17400] loss: 0.141 
[8, 17600] loss: 0.079 
[8, 17800] loss: 0.673 
[8, 18000] loss: 0.215 
[8, 18200] loss: 0.105 
[8, 18400] loss: 0.238 
[8, 18600] loss: 0.109 
[9,   200] loss: 0.126 
[9,   400] loss: 0.106 
[9,   600] loss: 0.202 
[9,   800] loss: 0.184 
[9,  1000] loss: 0.078 
[9,  1200] loss: 0.156 
[9,  1400] loss: 0.212 
[9,  1600] loss: 0.097 
[9,  1800] loss: 0.219 
[9,  2000] loss: 0.140 
[9,  2200] loss: 0.123 
[9,  2400] loss: 0.054 
[9,  2600] loss: 0.083 
[9,  2800] loss: 0.061 
[9,  3000] loss: 0.264 
[9,  3200] loss: 0.100 
[9,  3400] loss: 0.049 
[9,  3600] loss: 0.033 
[9,  3800] loss: 0.145 
[9,  4000] loss: 0.440 
[9,  4200] loss: 0.104 
[9,  4400] loss: 0.505 
[9,  4600] loss: 0.350 
[9,  4800] loss: 0.332 
[9,  5000] loss: 0.137 
[9,  5200] loss: 0.268 
[9,  5400] loss: 0.291 
[9,  5600] loss: 0.386 
[9,  5800] loss: 0.100 
[9,  6000] loss: 0.059 
[9,  6200] loss: 0.046 
[9,  6400] loss: 0.189 
[9,  6600] loss: 0.199 
[9,  6800] loss: 0.224 
[9,  7000] loss: 0.275 
[9,  7200] loss: 0.184 
[9,  7400] loss: 0.148 
[9,  7600] loss: 0.220 
[9,  7800] loss: 0.057 
[9,  8000] loss: 0.236 
[9,  8200] loss: 0.210 
[9,  8400] loss: 0.206 
[9,  8600] loss: 0.344 
[9,  8800] loss: 0.117 
[9,  9000] loss: 0.206 
[9,  9200] loss: 0.132 
[9,  9400] loss: 0.031 
[9,  9600] loss: 0.292 
[9,  9800] loss: 0.303 
[9, 10000] loss: 0.199 
[9, 10200] loss: 0.219 
[9, 10400] loss: 0.220 
[9, 10600] loss: 0.059 
[9, 10800] loss: 0.109 
[9, 11000] loss: 0.163 
[9, 11200] loss: 0.127 
[9, 11400] loss: 0.069 
[9, 11600] loss: 0.070 
[9, 11800] loss: 0.602 
[9, 12000] loss: 0.055 
[9, 12200] loss: 0.187 
[9, 12400] loss: 0.037 
[9, 12600] loss: 0.361 
[9, 12800] loss: 0.051 
[9, 13000] loss: 0.236 
[9, 13200] loss: 0.511 
[9, 13400] loss: 0.142 
[9, 13600] loss: 0.132 
[9, 13800] loss: 0.106 
[9, 14000] loss: 0.514 
[9, 14200] loss: 0.254 
[9, 14400] loss: 0.331 
[9, 14600] loss: 0.226 
[9, 14800] loss: 0.222 
[9, 15000] loss: 0.166 
[9, 15200] loss: 0.101 
[9, 15400] loss: 0.254 
[9, 15600] loss: 0.315 
[9, 15800] loss: 0.235 
[9, 16000] loss: 0.133 
[9, 16200] loss: 0.039 
[9, 16400] loss: 0.141 
[9, 16600] loss: 0.079 
[9, 16800] loss: 0.202 
[9, 17000] loss: 0.230 
[9, 17200] loss: 0.120 
[9, 17400] loss: 0.224 
[9, 17600] loss: 0.135 
[9, 17800] loss: 0.234 
[9, 18000] loss: 0.055 
[9, 18200] loss: 0.487 
[9, 18400] loss: 0.038 
[9, 18600] loss: 0.191 
[10,   200] loss: 0.168 
[10,   400] loss: 0.209 
[10,   600] loss: 0.331 
[10,   800] loss: 0.411 
[10,  1000] loss: 0.141 
[10,  1200] loss: 0.082 
[10,  1400] loss: 0.202 
[10,  1600] loss: 0.058 
[10,  1800] loss: 0.287 
[10,  2000] loss: 0.163 
[10,  2200] loss: 0.140 
[10,  2400] loss: 0.192 
[10,  2600] loss: 0.164 
[10,  2800] loss: 0.059 
[10,  3000] loss: 0.236 
[10,  3200] loss: 0.155 
[10,  3400] loss: 0.140 
[10,  3600] loss: 0.260 
[10,  3800] loss: 0.292 
[10,  4000] loss: 0.332 
[10,  4200] loss: 0.335 
[10,  4400] loss: 0.305 
[10,  4600] loss: 0.095 
[10,  4800] loss: 0.338 
[10,  5000] loss: 0.079 
[10,  5200] loss: 0.097 
[10,  5400] loss: 0.138 
[10,  5600] loss: 0.103 
[10,  5800] loss: 0.173 
[10,  6000] loss: 0.269 
[10,  6200] loss: 0.212 
[10,  6400] loss: 0.161 
[10,  6600] loss: 0.202 
[10,  6800] loss: 0.199 
[10,  7000] loss: 0.365 
[10,  7200] loss: 0.081 
[10,  7400] loss: 0.179 
[10,  7600] loss: 0.146 
[10,  7800] loss: 0.113 
[10,  8000] loss: 0.183 
[10,  8200] loss: 0.058 
[10,  8400] loss: 0.255 
[10,  8600] loss: 0.101 
[10,  8800] loss: 0.392 
[10,  9000] loss: 0.296 
[10,  9200] loss: 0.196 
[10,  9400] loss: 0.141 
[10,  9600] loss: 0.240 
[10,  9800] loss: 0.138 
[10, 10000] loss: 0.270 
[10, 10200] loss: 0.147 
[10, 10400] loss: 0.190 
[10, 10600] loss: 0.265 
[10, 10800] loss: 0.234 
[10, 11000] loss: 0.410 
[10, 11200] loss: 0.319 
[10, 11400] loss: 0.206 
[10, 11600] loss: 0.030 
[10, 11800] loss: 0.233 
[10, 12000] loss: 0.248 
[10, 12200] loss: 0.265 
[10, 12400] loss: 0.203 
[10, 12600] loss: 0.193 
[10, 12800] loss: 0.251 
[10, 13000] loss: 0.094 
[10, 13200] loss: 0.228 
[10, 13400] loss: 0.076 
[10, 13600] loss: 0.154 
[10, 13800] loss: 0.066 
[10, 14000] loss: 0.013 
[10, 14200] loss: 0.218 
[10, 14400] loss: 0.399 
[10, 14600] loss: 0.377 
[10, 14800] loss: 0.387 
[10, 15000] loss: 0.106 
[10, 15200] loss: 0.108 
[10, 15400] loss: 0.395 
[10, 15600] loss: 0.172 
[10, 15800] loss: 0.214 
[10, 16000] loss: 0.367 
[10, 16200] loss: 0.099 
[10, 16400] loss: 0.346 
[10, 16600] loss: 0.208 
[10, 16800] loss: 0.098 
[10, 17000] loss: 0.142 
[10, 17200] loss: 0.216 
[10, 17400] loss: 0.177 
[10, 17600] loss: 0.113 
[10, 17800] loss: 0.176 
[10, 18000] loss: 0.201 
[10, 18200] loss: 0.069 
[10, 18400] loss: 0.340 
[10, 18600] loss: 0.137 
[11,   200] loss: 0.116 
[11,   400] loss: 0.020 
[11,   600] loss: 0.191 
[11,   800] loss: 0.157 
[11,  1000] loss: 0.185 
[11,  1200] loss: 0.218 
[11,  1400] loss: 0.132 
[11,  1600] loss: 0.030 
[11,  1800] loss: 0.166 
[11,  2000] loss: 0.275 
[11,  2200] loss: 0.018 
[11,  2400] loss: 0.083 
[11,  2600] loss: 0.109 
[11,  2800] loss: 0.215 
[11,  3000] loss: 0.106 
[11,  3200] loss: 0.119 
[11,  3400] loss: 0.209 
[11,  3600] loss: 0.053 
[11,  3800] loss: 0.232 
[11,  4000] loss: 0.148 
[11,  4200] loss: 0.063 
[11,  4400] loss: 0.106 
[11,  4600] loss: 0.095 
[11,  4800] loss: 0.294 
[11,  5000] loss: 0.117 
[11,  5200] loss: 0.046 
[11,  5400] loss: 0.024 
[11,  5600] loss: 0.049 
[11,  5800] loss: 0.183 
[11,  6000] loss: 0.278 
[11,  6200] loss: 0.150 
[11,  6400] loss: 0.163 
[11,  6600] loss: 0.129 
[11,  6800] loss: 0.189 
[11,  7000] loss: 0.077 
[11,  7200] loss: 0.140 
[11,  7400] loss: 0.056 
[11,  7600] loss: 0.064 
[11,  7800] loss: 0.102 
[11,  8000] loss: 0.225 
[11,  8200] loss: 0.103 
[11,  8400] loss: 0.171 
[11,  8600] loss: 0.106 
[11,  8800] loss: 0.095 
[11,  9000] loss: 0.038 
[11,  9200] loss: 0.190 
[11,  9400] loss: 0.216 
[11,  9600] loss: 0.287 
[11,  9800] loss: 0.121 
[11, 10000] loss: 0.478 
[11, 10200] loss: 0.138 
[11, 10400] loss: 0.039 
[11, 10600] loss: 0.147 
[11, 10800] loss: 0.083 
[11, 11000] loss: 0.172 
[11, 11200] loss: 0.134 
[11, 11400] loss: 0.103 
[11, 11600] loss: 0.201 
[11, 11800] loss: 0.149 
[11, 12000] loss: 0.031 
[11, 12200] loss: 0.096 
[11, 12400] loss: 0.527 
[11, 12600] loss: 0.256 
[11, 12800] loss: 0.180 
[11, 13000] loss: 0.155 
[11, 13200] loss: 0.164 
[11, 13400] loss: 0.067 
[11, 13600] loss: 0.295 
[11, 13800] loss: 0.277 
[11, 14000] loss: 0.114 
[11, 14200] loss: 0.050 
[11, 14400] loss: 0.116 
[11, 14600] loss: 0.216 
[11, 14800] loss: 0.410 
[11, 15000] loss: 0.121 
[11, 15200] loss: 0.106 
[11, 15400] loss: 0.086 
[11, 15600] loss: 0.230 
[11, 15800] loss: 0.398 
[11, 16000] loss: 0.061 
[11, 16200] loss: 0.131 
[11, 16400] loss: 0.154 
[11, 16600] loss: 0.096 
[11, 16800] loss: 0.136 
[11, 17000] loss: 0.166 
[11, 17200] loss: 0.392 
[11, 17400] loss: 0.098 
[11, 17600] loss: 0.066 
[11, 17800] loss: 0.133 
[11, 18000] loss: 0.085 
[11, 18200] loss: 0.051 
[11, 18400] loss: 0.471 
[11, 18600] loss: 0.507 
[12,   200] loss: 0.284 
[12,   400] loss: 0.195 
[12,   600] loss: 0.631 
[12,   800] loss: 0.156 
[12,  1000] loss: 0.041 
[12,  1200] loss: 0.118 
[12,  1400] loss: 0.066 
[12,  1600] loss: 0.116 
[12,  1800] loss: 0.093 
[12,  2000] loss: 0.053 
[12,  2200] loss: 0.201 
[12,  2400] loss: 0.226 
[12,  2600] loss: 0.224 
[12,  2800] loss: 0.062 
[12,  3000] loss: 0.351 
[12,  3200] loss: 0.146 
[12,  3400] loss: 0.178 
[12,  3600] loss: 0.449 
[12,  3800] loss: 0.178 
[12,  4000] loss: 0.088 
[12,  4200] loss: 0.170 
[12,  4400] loss: 0.055 
[12,  4600] loss: 0.315 
[12,  4800] loss: 0.095 
[12,  5000] loss: 0.330 
[12,  5200] loss: 0.120 
[12,  5400] loss: 0.235 
[12,  5600] loss: 0.179 
[12,  5800] loss: 0.072 
[12,  6000] loss: 0.134 
[12,  6200] loss: 0.213 
[12,  6400] loss: 0.301 
[12,  6600] loss: 0.107 
[12,  6800] loss: 0.076 
[12,  7000] loss: 0.114 
[12,  7200] loss: 0.162 
[12,  7400] loss: 0.068 
[12,  7600] loss: 0.062 
[12,  7800] loss: 0.138 
[12,  8000] loss: 0.112 
[12,  8200] loss: 0.066 
[12,  8400] loss: 0.115 
[12,  8600] loss: 0.075 
[12,  8800] loss: 0.156 
[12,  9000] loss: 0.124 
[12,  9200] loss: 0.128 
[12,  9400] loss: 0.108 
[12,  9600] loss: 0.239 
[12,  9800] loss: 0.165 
[12, 10000] loss: 0.042 
[12, 10200] loss: 0.110 
[12, 10400] loss: 0.109 
[12, 10600] loss: 0.233 
[12, 10800] loss: 0.116 
[12, 11000] loss: 0.305 
[12, 11200] loss: 0.227 
[12, 11400] loss: 0.299 
[12, 11600] loss: 0.416 
[12, 11800] loss: 0.023 
[12, 12000] loss: 0.040 
[12, 12200] loss: 0.132 
[12, 12400] loss: 0.084 
[12, 12600] loss: 0.105 
[12, 12800] loss: 0.240 
[12, 13000] loss: 0.357 
[12, 13200] loss: 0.023 
[12, 13400] loss: 0.193 
[12, 13600] loss: 0.205 
[12, 13800] loss: 0.258 
[12, 14000] loss: 0.014 
[12, 14200] loss: 0.279 
[12, 14400] loss: 0.208 
[12, 14600] loss: 0.090 
[12, 14800] loss: 0.022 
[12, 15000] loss: 0.264 
[12, 15200] loss: 0.062 
[12, 15400] loss: 0.185 
[12, 15600] loss: 0.239 
[12, 15800] loss: 0.196 
[12, 16000] loss: 0.246 
[12, 16200] loss: 0.230 
[12, 16400] loss: 0.138 
[12, 16600] loss: 0.138 
[12, 16800] loss: 0.164 
[12, 17000] loss: 0.509 
[12, 17200] loss: 0.192 
[12, 17400] loss: 0.115 
[12, 17600] loss: 0.081 
[12, 17800] loss: 0.134 
[12, 18000] loss: 0.382 
[12, 18200] loss: 0.144 
[12, 18400] loss: 0.067 
[12, 18600] loss: 0.208 
[13,   200] loss: 0.163 
[13,   400] loss: 0.048 
[13,   600] loss: 0.160 
[13,   800] loss: 0.163 
[13,  1000] loss: 0.099 
[13,  1200] loss: 0.025 
[13,  1400] loss: 0.179 
[13,  1600] loss: 0.130 
[13,  1800] loss: 0.138 
[13,  2000] loss: 0.056 
[13,  2200] loss: 0.107 
[13,  2400] loss: 0.030 
[13,  2600] loss: 0.209 
[13,  2800] loss: 0.123 
[13,  3000] loss: 0.200 
[13,  3200] loss: 0.183 
[13,  3400] loss: 0.111 
[13,  3600] loss: 0.114 
[13,  3800] loss: 0.114 
[13,  4000] loss: 0.123 
[13,  4200] loss: 0.018 
[13,  4400] loss: 0.178 
[13,  4600] loss: 0.089 
[13,  4800] loss: 0.099 
[13,  5000] loss: 0.252 
[13,  5200] loss: 0.072 
[13,  5400] loss: 0.114 
[13,  5600] loss: 0.142 
[13,  5800] loss: 0.069 
[13,  6000] loss: 0.091 
[13,  6200] loss: 0.077 
[13,  6400] loss: 0.085 
[13,  6600] loss: 0.154 
[13,  6800] loss: 0.176 
[13,  7000] loss: 0.045 
[13,  7200] loss: 0.051 
[13,  7400] loss: 0.176 
[13,  7600] loss: 0.266 
[13,  7800] loss: 0.045 
[13,  8000] loss: 0.028 
[13,  8200] loss: 0.275 
[13,  8400] loss: 0.293 
[13,  8600] loss: 0.242 
[13,  8800] loss: 0.102 
[13,  9000] loss: 0.200 
[13,  9200] loss: 0.046 
[13,  9400] loss: 0.122 
[13,  9600] loss: 0.099 
[13,  9800] loss: 0.172 
[13, 10000] loss: 0.086 
[13, 10200] loss: 0.070 
[13, 10400] loss: 0.061 
[13, 10600] loss: 0.088 
[13, 10800] loss: 0.095 
[13, 11000] loss: 0.069 
[13, 11200] loss: 0.229 
[13, 11400] loss: 0.084 
[13, 11600] loss: 0.034 
[13, 11800] loss: 0.181 
[13, 12000] loss: 0.151 
[13, 12200] loss: 0.222 
[13, 12400] loss: 0.028 
[13, 12600] loss: 0.179 
[13, 12800] loss: 0.108 
[13, 13000] loss: 0.206 
[13, 13200] loss: 0.145 
[13, 13400] loss: 0.059 
[13, 13600] loss: 0.098 
[13, 13800] loss: 0.016 
[13, 14000] loss: 0.148 
[13, 14200] loss: 0.060 
[13, 14400] loss: 0.082 
[13, 14600] loss: 0.180 
[13, 14800] loss: 0.172 
[13, 15000] loss: 0.215 
[13, 15200] loss: 0.422 
[13, 15400] loss: 0.264 
[13, 15600] loss: 0.048 
[13, 15800] loss: 0.112 
[13, 16000] loss: 0.143 
[13, 16200] loss: 0.139 
[13, 16400] loss: 0.191 
[13, 16600] loss: 0.088 
[13, 16800] loss: 0.107 
[13, 17000] loss: 0.339 
[13, 17200] loss: 0.092 
[13, 17400] loss: 0.164 
[13, 17600] loss: 0.482 
[13, 17800] loss: 0.452 
[13, 18000] loss: 0.184 
[13, 18200] loss: 0.240 
[13, 18400] loss: 0.084 
[13, 18600] loss: 0.166 
[14,   200] loss: 0.064 
[14,   400] loss: 0.473 
[14,   600] loss: 0.061 
[14,   800] loss: 0.075 
[14,  1000] loss: 0.128 
[14,  1200] loss: 0.220 
[14,  1400] loss: 0.077 
[14,  1600] loss: 0.086 
[14,  1800] loss: 0.046 
[14,  2000] loss: 0.031 
[14,  2200] loss: 0.312 
[14,  2400] loss: 0.132 
[14,  2600] loss: 0.162 
[14,  2800] loss: 0.256 
[14,  3000] loss: 0.137 
[14,  3200] loss: 0.122 
[14,  3400] loss: 0.219 
[14,  3600] loss: 0.122 
[14,  3800] loss: 0.192 
[14,  4000] loss: 0.271 
[14,  4200] loss: 0.099 
[14,  4400] loss: 0.038 
[14,  4600] loss: 0.050 
[14,  4800] loss: 0.062 
[14,  5000] loss: 0.158 
[14,  5200] loss: 0.069 
[14,  5400] loss: 0.066 
[14,  5600] loss: 0.135 
[14,  5800] loss: 0.195 
[14,  6000] loss: 0.169 
[14,  6200] loss: 0.125 
[14,  6400] loss: 0.088 
[14,  6600] loss: 0.144 
[14,  6800] loss: 0.183 
[14,  7000] loss: 0.157 
[14,  7200] loss: 0.065 
[14,  7400] loss: 0.139 
[14,  7600] loss: 0.081 
[14,  7800] loss: 0.183 
[14,  8000] loss: 0.203 
[14,  8200] loss: 0.094 
[14,  8400] loss: 0.238 
[14,  8600] loss: 0.079 
[14,  8800] loss: 0.280 
[14,  9000] loss: 0.251 
[14,  9200] loss: 0.168 
[14,  9400] loss: 0.350 
[14,  9600] loss: 0.091 
[14,  9800] loss: 0.299 
[14, 10000] loss: 0.083 
[14, 10200] loss: 0.455 
[14, 10400] loss: 0.054 
[14, 10600] loss: 0.064 
[14, 10800] loss: 0.072 
[14, 11000] loss: 0.214 
[14, 11200] loss: 0.139 
[14, 11400] loss: 0.162 
[14, 11600] loss: 0.082 
[14, 11800] loss: 0.053 
[14, 12000] loss: 0.142 
[14, 12200] loss: 0.130 
[14, 12400] loss: 0.076 
[14, 12600] loss: 0.095 
[14, 12800] loss: 0.015 
[14, 13000] loss: 0.061 
[14, 13200] loss: 0.121 
[14, 13400] loss: 0.131 
[14, 13600] loss: 0.164 
[14, 13800] loss: 0.187 
[14, 14000] loss: 0.051 
[14, 14200] loss: 0.305 
[14, 14400] loss: 0.023 
[14, 14600] loss: 0.072 
[14, 14800] loss: 0.276 
[14, 15000] loss: 0.086 
[14, 15200] loss: 0.053 
[14, 15400] loss: 0.103 
[14, 15600] loss: 0.093 
[14, 15800] loss: 0.036 
[14, 16000] loss: 0.017 
[14, 16200] loss: 0.114 
[14, 16400] loss: 0.133 
[14, 16600] loss: 0.223 
[14, 16800] loss: 0.151 
[14, 17000] loss: 0.058 
[14, 17200] loss: 0.028 
[14, 17400] loss: 0.150 
[14, 17600] loss: 0.220 
[14, 17800] loss: 0.008 
[14, 18000] loss: 0.116 
[14, 18200] loss: 0.165 
[14, 18400] loss: 0.027 
[14, 18600] loss: 0.125 
