[0,   200] loss: 0.633 
[0,   400] loss: 0.788 
[0,   600] loss: 0.705 
[0,   800] loss: 0.475 
[0,  1000] loss: 0.218 
[0,  1200] loss: 0.247 
[0,  1400] loss: 0.394 
[0,  1600] loss: 0.561 
[0,  1800] loss: 0.512 
[0,  2000] loss: 0.333 
[0,  2200] loss: 0.388 
[0,  2400] loss: 0.419 
[0,  2600] loss: 0.475 
[0,  2800] loss: 0.489 
[0,  3000] loss: 0.547 
[0,  3200] loss: 0.497 
[0,  3400] loss: 0.554 
[0,  3600] loss: 0.300 
[0,  3800] loss: 0.520 
[0,  4000] loss: 0.712 
[0,  4200] loss: 0.584 
[0,  4400] loss: 0.536 
[0,  4600] loss: 0.840 
[0,  4800] loss: 0.353 
[0,  5000] loss: 0.570 
[0,  5200] loss: 0.627 
[0,  5400] loss: 0.583 
[0,  5600] loss: 0.886 
[0,  5800] loss: 0.560 
[0,  6000] loss: 0.442 
[0,  6200] loss: 1.129 
[0,  6400] loss: 0.480 
[0,  6600] loss: 0.196 
[0,  6800] loss: 0.702 
[0,  7000] loss: 0.525 
[0,  7200] loss: 0.258 
[0,  7400] loss: 0.419 
[0,  7600] loss: 0.689 
[0,  7800] loss: 0.437 
[0,  8000] loss: 0.497 
[0,  8200] loss: 0.505 
[0,  8400] loss: 0.439 
[0,  8600] loss: 0.397 
[0,  8800] loss: 0.137 
[0,  9000] loss: 0.375 
[0,  9200] loss: 0.250 
[0,  9400] loss: 0.405 
[0,  9600] loss: 0.707 
[0,  9800] loss: 0.376 
[0, 10000] loss: 0.510 
[0, 10200] loss: 0.498 
[0, 10400] loss: 0.269 
[0, 10600] loss: 0.515 
[0, 10800] loss: 0.259 
[0, 11000] loss: 0.435 
[0, 11200] loss: 0.330 
[0, 11400] loss: 0.210 
[0, 11600] loss: 0.284 
[0, 11800] loss: 0.513 
[0, 12000] loss: 0.295 
[0, 12200] loss: 0.461 
[0, 12400] loss: 0.654 
[0, 12600] loss: 0.094 
[0, 12800] loss: 0.472 
[0, 13000] loss: 0.440 
[0, 13200] loss: 0.222 
[0, 13400] loss: 0.418 
[0, 13600] loss: 0.736 
[0, 13800] loss: 0.470 
[0, 14000] loss: 0.246 
[0, 14200] loss: 0.298 
[0, 14400] loss: 0.391 
[0, 14600] loss: 0.415 
[0, 14800] loss: 0.243 
[0, 15000] loss: 0.284 
[0, 15200] loss: 0.280 
[0, 15400] loss: 0.416 
[0, 15600] loss: 0.283 
[0, 15800] loss: 0.688 
[0, 16000] loss: 0.253 
[0, 16200] loss: 0.889 
[0, 16400] loss: 0.604 
[0, 16600] loss: 0.372 
[0, 16800] loss: 0.140 
[0, 17000] loss: 0.337 
[0, 17200] loss: 0.291 
[0, 17400] loss: 0.420 
[0, 17600] loss: 0.440 
[0, 17800] loss: 0.556 
[0, 18000] loss: 0.363 
[0, 18200] loss: 0.199 
[0, 18400] loss: 0.443 
[0, 18600] loss: 0.274 
[1,   200] loss: 0.408 
[1,   400] loss: 0.404 
[1,   600] loss: 0.181 
[1,   800] loss: 0.486 
[1,  1000] loss: 0.421 
[1,  1200] loss: 0.381 
[1,  1400] loss: 0.281 
[1,  1600] loss: 0.178 
[1,  1800] loss: 0.510 
[1,  2000] loss: 0.136 
[1,  2200] loss: 0.462 
[1,  2400] loss: 0.320 
[1,  2600] loss: 0.351 
[1,  2800] loss: 0.833 
[1,  3000] loss: 0.500 
[1,  3200] loss: 0.361 
[1,  3400] loss: 0.258 
[1,  3600] loss: 0.351 
[1,  3800] loss: 0.517 
[1,  4000] loss: 0.392 
[1,  4200] loss: 0.613 
[1,  4400] loss: 0.504 
[1,  4600] loss: 0.559 
[1,  4800] loss: 0.348 
[1,  5000] loss: 0.382 
[1,  5200] loss: 0.391 
[1,  5400] loss: 0.665 
[1,  5600] loss: 0.375 
[1,  5800] loss: 0.276 
[1,  6000] loss: 0.420 
[1,  6200] loss: 0.450 
[1,  6400] loss: 0.251 
[1,  6600] loss: 0.347 
[1,  6800] loss: 0.289 
[1,  7000] loss: 0.295 
[1,  7200] loss: 0.401 
[1,  7400] loss: 0.393 
[1,  7600] loss: 0.490 
[1,  7800] loss: 0.426 
[1,  8000] loss: 0.289 
[1,  8200] loss: 0.162 
[1,  8400] loss: 0.474 
[1,  8600] loss: 0.250 
[1,  8800] loss: 0.199 
[1,  9000] loss: 0.203 
[1,  9200] loss: 0.658 
[1,  9400] loss: 0.323 
[1,  9600] loss: 0.060 
[1,  9800] loss: 0.224 
[1, 10000] loss: 0.335 
[1, 10200] loss: 0.692 
[1, 10400] loss: 0.214 
[1, 10600] loss: 0.297 
[1, 10800] loss: 0.222 
[1, 11000] loss: 0.060 
[1, 11200] loss: 0.660 
[1, 11400] loss: 0.239 
[1, 11600] loss: 0.360 
[1, 11800] loss: 1.075 
[1, 12000] loss: 0.500 
[1, 12200] loss: 0.591 
[1, 12400] loss: 0.341 
[1, 12600] loss: 0.329 
[1, 12800] loss: 0.242 
[1, 13000] loss: 0.358 
[1, 13200] loss: 0.573 
[1, 13400] loss: 0.104 
[1, 13600] loss: 0.276 
[1, 13800] loss: 0.420 
[1, 14000] loss: 0.366 
[1, 14200] loss: 0.109 
[1, 14400] loss: 0.324 
[1, 14600] loss: 0.463 
[1, 14800] loss: 0.367 
[1, 15000] loss: 0.300 
[1, 15200] loss: 0.393 
[1, 15400] loss: 0.415 
[1, 15600] loss: 0.258 
[1, 15800] loss: 0.229 
[1, 16000] loss: 0.360 
[1, 16200] loss: 0.371 
[1, 16400] loss: 0.270 
[1, 16600] loss: 0.945 
[1, 16800] loss: 0.338 
[1, 17000] loss: 0.470 
[1, 17200] loss: 0.238 
[1, 17400] loss: 0.392 
[1, 17600] loss: 0.305 
[1, 17800] loss: 0.504 
[1, 18000] loss: 0.484 
[1, 18200] loss: 0.664 
[1, 18400] loss: 0.245 
[1, 18600] loss: 0.447 
[2,   200] loss: 0.194 
[2,   400] loss: 0.416 
[2,   600] loss: 0.349 
[2,   800] loss: 0.453 
[2,  1000] loss: 0.193 
[2,  1200] loss: 0.108 
[2,  1400] loss: 0.712 
[2,  1600] loss: 0.176 
[2,  1800] loss: 0.321 
[2,  2000] loss: 0.403 
[2,  2200] loss: 0.231 
[2,  2400] loss: 0.444 
[2,  2600] loss: 0.623 
[2,  2800] loss: 0.179 
[2,  3000] loss: 0.582 
[2,  3200] loss: 0.142 
[2,  3400] loss: 0.260 
[2,  3600] loss: 0.325 
[2,  3800] loss: 0.268 
[2,  4000] loss: 0.436 
[2,  4200] loss: 0.191 
[2,  4400] loss: 0.537 
[2,  4600] loss: 0.559 
[2,  4800] loss: 0.824 
[2,  5000] loss: 0.394 
[2,  5200] loss: 0.212 
[2,  5400] loss: 0.360 
[2,  5600] loss: 0.319 
[2,  5800] loss: 0.528 
[2,  6000] loss: 0.310 
[2,  6200] loss: 0.381 
[2,  6400] loss: 0.133 
[2,  6600] loss: 0.235 
[2,  6800] loss: 0.182 
[2,  7000] loss: 0.473 
[2,  7200] loss: 0.402 
[2,  7400] loss: 0.190 
[2,  7600] loss: 0.270 
[2,  7800] loss: 0.151 
[2,  8000] loss: 0.196 
[2,  8200] loss: 0.539 
[2,  8400] loss: 0.356 
[2,  8600] loss: 0.055 
[2,  8800] loss: 0.247 
[2,  9000] loss: 0.580 
[2,  9200] loss: 0.489 
[2,  9400] loss: 0.352 
[2,  9600] loss: 0.218 
[2,  9800] loss: 0.347 
[2, 10000] loss: 0.380 
[2, 10200] loss: 0.491 
[2, 10400] loss: 0.516 
[2, 10600] loss: 0.285 
[2, 10800] loss: 0.459 
[2, 11000] loss: 0.402 
[2, 11200] loss: 0.492 
[2, 11400] loss: 0.413 
[2, 11600] loss: 0.521 
[2, 11800] loss: 0.360 
[2, 12000] loss: 0.168 
[2, 12200] loss: 0.428 
[2, 12400] loss: 0.282 
[2, 12600] loss: 0.179 
[2, 12800] loss: 0.550 
[2, 13000] loss: 0.303 
[2, 13200] loss: 0.460 
[2, 13400] loss: 0.256 
[2, 13600] loss: 0.465 
[2, 13800] loss: 0.342 
[2, 14000] loss: 0.256 
[2, 14200] loss: 0.325 
[2, 14400] loss: 0.319 
[2, 14600] loss: 0.318 
[2, 14800] loss: 0.059 
[2, 15000] loss: 0.349 
[2, 15200] loss: 0.585 
[2, 15400] loss: 0.193 
[2, 15600] loss: 0.233 
[2, 15800] loss: 0.165 
[2, 16000] loss: 0.394 
[2, 16200] loss: 0.201 
[2, 16400] loss: 0.368 
[2, 16600] loss: 0.180 
[2, 16800] loss: 0.355 
[2, 17000] loss: 0.497 
[2, 17200] loss: 0.149 
[2, 17400] loss: 0.345 
[2, 17600] loss: 0.126 
[2, 17800] loss: 0.270 
[2, 18000] loss: 0.305 
[2, 18200] loss: 0.344 
[2, 18400] loss: 0.757 
[2, 18600] loss: 0.267 
[3,   200] loss: 0.250 
[3,   400] loss: 0.351 
[3,   600] loss: 0.355 
[3,   800] loss: 0.425 
[3,  1000] loss: 0.234 
[3,  1200] loss: 0.125 
[3,  1400] loss: 0.635 
[3,  1600] loss: 0.601 
[3,  1800] loss: 0.240 
[3,  2000] loss: 0.375 
[3,  2200] loss: 0.397 
[3,  2400] loss: 0.316 
[3,  2600] loss: 0.333 
[3,  2800] loss: 0.546 
[3,  3000] loss: 0.455 
[3,  3200] loss: 0.557 
[3,  3400] loss: 0.494 
[3,  3600] loss: 0.232 
[3,  3800] loss: 0.406 
[3,  4000] loss: 0.341 
[3,  4200] loss: 0.521 
[3,  4400] loss: 0.228 
[3,  4600] loss: 0.355 
[3,  4800] loss: 0.672 
[3,  5000] loss: 0.715 
[3,  5200] loss: 0.373 
[3,  5400] loss: 0.164 
[3,  5600] loss: 0.225 
[3,  5800] loss: 0.250 
[3,  6000] loss: 0.213 
[3,  6200] loss: 0.344 
[3,  6400] loss: 0.245 
[3,  6600] loss: 0.461 
[3,  6800] loss: 0.165 
[3,  7000] loss: 0.098 
[3,  7200] loss: 0.373 
[3,  7400] loss: 0.353 
[3,  7600] loss: 0.284 
[3,  7800] loss: 0.281 
[3,  8000] loss: 0.477 
[3,  8200] loss: 0.367 
[3,  8400] loss: 0.773 
[3,  8600] loss: 0.351 
[3,  8800] loss: 0.539 
[3,  9000] loss: 0.709 
[3,  9200] loss: 0.518 
[3,  9400] loss: 0.170 
[3,  9600] loss: 0.077 
[3,  9800] loss: 0.370 
[3, 10000] loss: 0.447 
[3, 10200] loss: 0.221 
[3, 10400] loss: 0.198 
[3, 10600] loss: 0.184 
[3, 10800] loss: 0.170 
[3, 11000] loss: 0.230 
[3, 11200] loss: 0.277 
[3, 11400] loss: 0.440 
[3, 11600] loss: 0.142 
[3, 11800] loss: 0.414 
[3, 12000] loss: 0.440 
[3, 12200] loss: 0.263 
[3, 12400] loss: 0.104 
[3, 12600] loss: 0.206 
[3, 12800] loss: 0.363 
[3, 13000] loss: 0.107 
[3, 13200] loss: 0.209 
[3, 13400] loss: 0.338 
[3, 13600] loss: 0.303 
[3, 13800] loss: 0.890 
[3, 14000] loss: 0.403 
[3, 14200] loss: 0.377 
[3, 14400] loss: 0.359 
[3, 14600] loss: 0.414 
[3, 14800] loss: 0.271 
[3, 15000] loss: 0.355 
[3, 15200] loss: 0.256 
[3, 15400] loss: 0.593 
[3, 15600] loss: 0.449 
[3, 15800] loss: 0.379 
[3, 16000] loss: 0.493 
[3, 16200] loss: 0.196 
[3, 16400] loss: 0.381 
[3, 16600] loss: 0.561 
[3, 16800] loss: 0.423 
[3, 17000] loss: 0.367 
[3, 17200] loss: 0.553 
[3, 17400] loss: 0.467 
[3, 17600] loss: 0.163 
[3, 17800] loss: 0.133 
[3, 18000] loss: 0.439 
[3, 18200] loss: 0.400 
[3, 18400] loss: 0.967 
[3, 18600] loss: 0.372 
[4,   200] loss: 0.320 
[4,   400] loss: 0.377 
[4,   600] loss: 0.308 
[4,   800] loss: 0.346 
[4,  1000] loss: 0.546 
[4,  1200] loss: 0.285 
[4,  1400] loss: 0.333 
[4,  1600] loss: 0.136 
[4,  1800] loss: 0.468 
[4,  2000] loss: 0.364 
[4,  2200] loss: 0.277 
[4,  2400] loss: 0.139 
[4,  2600] loss: 0.306 
[4,  2800] loss: 0.158 
[4,  3000] loss: 0.249 
[4,  3200] loss: 0.405 
[4,  3400] loss: 0.178 
[4,  3600] loss: 0.226 
[4,  3800] loss: 0.292 
[4,  4000] loss: 0.543 
[4,  4200] loss: 0.344 
[4,  4400] loss: 0.337 
[4,  4600] loss: 0.226 
[4,  4800] loss: 0.146 
[4,  5000] loss: 0.329 
[4,  5200] loss: 0.328 
[4,  5400] loss: 0.674 
[4,  5600] loss: 0.344 
[4,  5800] loss: 0.300 
[4,  6000] loss: 0.352 
[4,  6200] loss: 0.271 
[4,  6400] loss: 0.131 
[4,  6600] loss: 0.127 
[4,  6800] loss: 0.256 
[4,  7000] loss: 0.108 
[4,  7200] loss: 0.215 
[4,  7400] loss: 0.270 
[4,  7600] loss: 0.455 
[4,  7800] loss: 0.411 
[4,  8000] loss: 0.765 
[4,  8200] loss: 0.236 
[4,  8400] loss: 0.674 
[4,  8600] loss: 0.264 
[4,  8800] loss: 0.252 
[4,  9000] loss: 0.405 
[4,  9200] loss: 0.308 
[4,  9400] loss: 0.264 
[4,  9600] loss: 0.367 
[4,  9800] loss: 0.430 
[4, 10000] loss: 0.417 
[4, 10200] loss: 0.366 
[4, 10400] loss: 0.174 
[4, 10600] loss: 0.364 
[4, 10800] loss: 0.146 
[4, 11000] loss: 0.610 
[4, 11200] loss: 0.102 
[4, 11400] loss: 0.399 
[4, 11600] loss: 0.126 
[4, 11800] loss: 0.049 
[4, 12000] loss: 0.289 
[4, 12200] loss: 0.418 
[4, 12400] loss: 0.308 
[4, 12600] loss: 0.317 
[4, 12800] loss: 0.253 
[4, 13000] loss: 0.272 
[4, 13200] loss: 0.209 
[4, 13400] loss: 0.272 
[4, 13600] loss: 0.610 
[4, 13800] loss: 0.378 
[4, 14000] loss: 0.857 
[4, 14200] loss: 0.281 
[4, 14400] loss: 0.517 
[4, 14600] loss: 0.396 
[4, 14800] loss: 0.175 
[4, 15000] loss: 0.610 
[4, 15200] loss: 0.441 
[4, 15400] loss: 0.212 
[4, 15600] loss: 0.191 
[4, 15800] loss: 0.489 
[4, 16000] loss: 0.506 
[4, 16200] loss: 0.447 
[4, 16400] loss: 0.187 
[4, 16600] loss: 0.345 
[4, 16800] loss: 0.357 
[4, 17000] loss: 0.223 
[4, 17200] loss: 0.492 
[4, 17400] loss: 0.228 
[4, 17600] loss: 0.099 
[4, 17800] loss: 0.108 
[4, 18000] loss: 0.233 
[4, 18200] loss: 0.271 
[4, 18400] loss: 0.723 
[4, 18600] loss: 0.393 
[5,   200] loss: 0.340 
[5,   400] loss: 0.251 
[5,   600] loss: 0.316 
[5,   800] loss: 0.425 
[5,  1000] loss: 0.120 
[5,  1200] loss: 0.139 
[5,  1400] loss: 0.161 
[5,  1600] loss: 0.227 
[5,  1800] loss: 0.351 
[5,  2000] loss: 0.316 
[5,  2200] loss: 0.230 
[5,  2400] loss: 0.372 
[5,  2600] loss: 0.598 
[5,  2800] loss: 0.645 
[5,  3000] loss: 0.380 
[5,  3200] loss: 0.519 
[5,  3400] loss: 0.224 
[5,  3600] loss: 0.340 
[5,  3800] loss: 0.138 
[5,  4000] loss: 0.274 
[5,  4200] loss: 0.738 
[5,  4400] loss: 0.306 
[5,  4600] loss: 0.356 
[5,  4800] loss: 1.438 
[5,  5000] loss: 0.110 
[5,  5200] loss: 0.334 
[5,  5400] loss: 0.178 
[5,  5600] loss: 0.319 
[5,  5800] loss: 0.222 
[5,  6000] loss: 0.216 
[5,  6200] loss: 0.288 
[5,  6400] loss: 0.356 
[5,  6600] loss: 0.370 
[5,  6800] loss: 0.474 
[5,  7000] loss: 0.147 
[5,  7200] loss: 0.174 
[5,  7400] loss: 0.222 
[5,  7600] loss: 0.353 
[5,  7800] loss: 0.364 
[5,  8000] loss: 0.347 
[5,  8200] loss: 0.153 
[5,  8400] loss: 0.451 
[5,  8600] loss: 0.268 
[5,  8800] loss: 0.672 
[5,  9000] loss: 0.187 
[5,  9200] loss: 0.842 
[5,  9400] loss: 0.699 
[5,  9600] loss: 0.477 
[5,  9800] loss: 0.160 
[5, 10000] loss: 0.292 
[5, 10200] loss: 0.108 
[5, 10400] loss: 0.790 
[5, 10600] loss: 0.723 
[5, 10800] loss: 0.110 
[5, 11000] loss: 0.405 
[5, 11200] loss: 0.249 
[5, 11400] loss: 0.149 
[5, 11600] loss: 0.321 
[5, 11800] loss: 0.170 
[5, 12000] loss: 0.251 
[5, 12200] loss: 0.223 
[5, 12400] loss: 0.309 
[5, 12600] loss: 0.443 
[5, 12800] loss: 0.213 
[5, 13000] loss: 0.087 
[5, 13200] loss: 0.347 
[5, 13400] loss: 0.354 
[5, 13600] loss: 0.504 
[5, 13800] loss: 0.373 
[5, 14000] loss: 0.260 
[5, 14200] loss: 0.558 
[5, 14400] loss: 0.508 
[5, 14600] loss: 0.183 
[5, 14800] loss: 0.174 
[5, 15000] loss: 0.354 
[5, 15200] loss: 0.179 
[5, 15400] loss: 0.210 
[5, 15600] loss: 0.152 
[5, 15800] loss: 0.367 
[5, 16000] loss: 0.326 
[5, 16200] loss: 0.164 
[5, 16400] loss: 0.183 
[5, 16600] loss: 0.379 
[5, 16800] loss: 0.167 
[5, 17000] loss: 0.354 
[5, 17200] loss: 0.362 
[5, 17400] loss: 0.475 
[5, 17600] loss: 0.174 
[5, 17800] loss: 0.243 
[5, 18000] loss: 0.451 
[5, 18200] loss: 0.219 
[5, 18400] loss: 0.444 
[5, 18600] loss: 0.480 
[6,   200] loss: 0.122 
[6,   400] loss: 0.322 
[6,   600] loss: 0.314 
[6,   800] loss: 0.429 
[6,  1000] loss: 0.099 
[6,  1200] loss: 0.648 
[6,  1400] loss: 0.309 
[6,  1600] loss: 0.105 
[6,  1800] loss: 0.513 
[6,  2000] loss: 0.435 
[6,  2200] loss: 0.461 
[6,  2400] loss: 0.314 
[6,  2600] loss: 0.081 
[6,  2800] loss: 0.386 
[6,  3000] loss: 0.227 
[6,  3200] loss: 0.205 
[6,  3400] loss: 0.180 
[6,  3600] loss: 0.202 
[6,  3800] loss: 0.195 
[6,  4000] loss: 0.066 
[6,  4200] loss: 0.123 
[6,  4400] loss: 0.268 
[6,  4600] loss: 0.336 
[6,  4800] loss: 0.204 
[6,  5000] loss: 0.273 
[6,  5200] loss: 0.254 
[6,  5400] loss: 0.186 
[6,  5600] loss: 0.580 
[6,  5800] loss: 0.268 
[6,  6000] loss: 0.467 
[6,  6200] loss: 0.395 
[6,  6400] loss: 0.229 
[6,  6600] loss: 0.357 
[6,  6800] loss: 0.548 
[6,  7000] loss: 0.359 
[6,  7200] loss: 0.183 
[6,  7400] loss: 0.229 
[6,  7600] loss: 0.159 
[6,  7800] loss: 0.164 
[6,  8000] loss: 0.313 
[6,  8200] loss: 0.269 
[6,  8400] loss: 0.260 
[6,  8600] loss: 0.372 
[6,  8800] loss: 0.221 
[6,  9000] loss: 0.225 
[6,  9200] loss: 0.235 
[6,  9400] loss: 0.196 
[6,  9600] loss: 0.367 
[6,  9800] loss: 0.518 
[6, 10000] loss: 0.333 
[6, 10200] loss: 0.394 
[6, 10400] loss: 0.404 
[6, 10600] loss: 0.425 
[6, 10800] loss: 0.222 
[6, 11000] loss: 0.373 
[6, 11200] loss: 0.253 
[6, 11400] loss: 0.086 
[6, 11600] loss: 0.125 
[6, 11800] loss: 0.369 
[6, 12000] loss: 0.132 
[6, 12200] loss: 0.449 
[6, 12400] loss: 0.783 
[6, 12600] loss: 0.447 
[6, 12800] loss: 0.241 
[6, 13000] loss: 0.397 
[6, 13200] loss: 0.193 
[6, 13400] loss: 0.487 
[6, 13600] loss: 0.359 
[6, 13800] loss: 0.453 
[6, 14000] loss: 0.456 
[6, 14200] loss: 0.142 
[6, 14400] loss: 0.418 
[6, 14600] loss: 0.181 
[6, 14800] loss: 0.344 
[6, 15000] loss: 0.261 
[6, 15200] loss: 0.205 
[6, 15400] loss: 0.508 
[6, 15600] loss: 0.182 
[6, 15800] loss: 0.320 
[6, 16000] loss: 0.248 
[6, 16200] loss: 0.158 
[6, 16400] loss: 0.091 
[6, 16600] loss: 0.197 
[6, 16800] loss: 0.413 
[6, 17000] loss: 0.400 
[6, 17200] loss: 0.454 
[6, 17400] loss: 0.024 
[6, 17600] loss: 0.332 
[6, 17800] loss: 0.449 
[6, 18000] loss: 0.304 
[6, 18200] loss: 0.361 
[6, 18400] loss: 0.485 
[6, 18600] loss: 0.256 
[7,   200] loss: 0.474 
[7,   400] loss: 0.189 
[7,   600] loss: 0.255 
[7,   800] loss: 0.479 
[7,  1000] loss: 0.503 
[7,  1200] loss: 0.398 
[7,  1400] loss: 0.312 
[7,  1600] loss: 0.357 
[7,  1800] loss: 0.061 
[7,  2000] loss: 0.367 
[7,  2200] loss: 0.034 
[7,  2400] loss: 0.170 
[7,  2600] loss: 0.389 
[7,  2800] loss: 0.364 
[7,  3000] loss: 0.301 
[7,  3200] loss: 0.181 
[7,  3400] loss: 0.188 
[7,  3600] loss: 0.198 
[7,  3800] loss: 0.293 
[7,  4000] loss: 0.161 
[7,  4200] loss: 0.469 
[7,  4400] loss: 0.382 
[7,  4600] loss: 0.220 
[7,  4800] loss: 0.203 
[7,  5000] loss: 0.375 
[7,  5200] loss: 0.530 
[7,  5400] loss: 0.125 
[7,  5600] loss: 0.221 
[7,  5800] loss: 0.029 
[7,  6000] loss: 0.488 
[7,  6200] loss: 0.267 
[7,  6400] loss: 0.337 
[7,  6600] loss: 0.086 
[7,  6800] loss: 0.096 
[7,  7000] loss: 0.237 
[7,  7200] loss: 0.041 
[7,  7400] loss: 0.354 
[7,  7600] loss: 0.319 
[7,  7800] loss: 0.307 
[7,  8000] loss: 0.343 
[7,  8200] loss: 0.440 
[7,  8400] loss: 0.228 
[7,  8600] loss: 0.366 
[7,  8800] loss: 0.460 
[7,  9000] loss: 0.244 
[7,  9200] loss: 0.374 
[7,  9400] loss: 0.095 
[7,  9600] loss: 0.663 
[7,  9800] loss: 0.477 
[7, 10000] loss: 0.319 
[7, 10200] loss: 0.406 
[7, 10400] loss: 0.208 
[7, 10600] loss: 0.349 
[7, 10800] loss: 0.230 
[7, 11000] loss: 0.021 
[7, 11200] loss: 0.293 
[7, 11400] loss: 0.335 
[7, 11600] loss: 0.248 
[7, 11800] loss: 0.343 
[7, 12000] loss: 0.472 
[7, 12200] loss: 0.233 
[7, 12400] loss: 0.020 
[7, 12600] loss: 0.534 
[7, 12800] loss: 0.476 
[7, 13000] loss: 0.310 
[7, 13200] loss: 0.145 
[7, 13400] loss: 0.338 
[7, 13600] loss: 0.293 
[7, 13800] loss: 0.249 
[7, 14000] loss: 0.195 
[7, 14200] loss: 0.541 
[7, 14400] loss: 0.194 
[7, 14600] loss: 0.155 
[7, 14800] loss: 0.319 
[7, 15000] loss: 0.306 
[7, 15200] loss: 0.377 
[7, 15400] loss: 0.306 
[7, 15600] loss: 0.194 
[7, 15800] loss: 0.691 
[7, 16000] loss: 0.340 
[7, 16200] loss: 0.316 
[7, 16400] loss: 0.510 
[7, 16600] loss: 0.133 
[7, 16800] loss: 0.123 
[7, 17000] loss: 0.207 
[7, 17200] loss: 0.434 
[7, 17400] loss: 0.233 
[7, 17600] loss: 0.210 
[7, 17800] loss: 0.214 
[7, 18000] loss: 0.394 
[7, 18200] loss: 0.259 
[7, 18400] loss: 0.286 
[7, 18600] loss: 0.303 
[8,   200] loss: 0.133 
[8,   400] loss: 0.353 
[8,   600] loss: 0.093 
[8,   800] loss: 0.293 
[8,  1000] loss: 0.291 
[8,  1200] loss: 0.342 
[8,  1400] loss: 0.267 
[8,  1600] loss: 0.202 
[8,  1800] loss: 0.138 
[8,  2000] loss: 0.219 
[8,  2200] loss: 0.207 
[8,  2400] loss: 0.198 
[8,  2600] loss: 0.058 
[8,  2800] loss: 0.290 
[8,  3000] loss: 0.390 
[8,  3200] loss: 0.274 
[8,  3400] loss: 0.290 
[8,  3600] loss: 0.535 
[8,  3800] loss: 0.253 
[8,  4000] loss: 0.459 
[8,  4200] loss: 0.216 
[8,  4400] loss: 0.186 
[8,  4600] loss: 0.146 
[8,  4800] loss: 0.166 
[8,  5000] loss: 0.443 
[8,  5200] loss: 0.572 
[8,  5400] loss: 0.381 
[8,  5600] loss: 0.136 
[8,  5800] loss: 0.366 
[8,  6000] loss: 0.270 
[8,  6200] loss: 0.354 
[8,  6400] loss: 0.308 
[8,  6600] loss: 0.337 
[8,  6800] loss: 0.547 
[8,  7000] loss: 0.682 
[8,  7200] loss: 0.465 
[8,  7400] loss: 0.202 
[8,  7600] loss: 0.208 
[8,  7800] loss: 0.131 
[8,  8000] loss: 0.190 
[8,  8200] loss: 0.243 
[8,  8400] loss: 0.137 
[8,  8600] loss: 0.127 
[8,  8800] loss: 0.156 
[8,  9000] loss: 0.145 
[8,  9200] loss: 0.122 
[8,  9400] loss: 0.226 
[8,  9600] loss: 0.100 
[8,  9800] loss: 0.145 
[8, 10000] loss: 0.514 
[8, 10200] loss: 0.301 
[8, 10400] loss: 0.642 
[8, 10600] loss: 0.384 
[8, 10800] loss: 0.146 
[8, 11000] loss: 0.170 
[8, 11200] loss: 0.203 
[8, 11400] loss: 0.300 
[8, 11600] loss: 0.170 
[8, 11800] loss: 0.420 
[8, 12000] loss: 0.460 
[8, 12200] loss: 0.349 
[8, 12400] loss: 0.220 
[8, 12600] loss: 0.696 
[8, 12800] loss: 0.463 
[8, 13000] loss: 0.607 
[8, 13200] loss: 0.244 
[8, 13400] loss: 1.117 
[8, 13600] loss: 0.148 
[8, 13800] loss: 0.523 
[8, 14000] loss: 0.247 
[8, 14200] loss: 0.305 
[8, 14400] loss: 0.162 
[8, 14600] loss: 0.239 
[8, 14800] loss: 0.275 
[8, 15000] loss: 0.518 
[8, 15200] loss: 0.259 
[8, 15400] loss: 0.166 
[8, 15600] loss: 0.141 
[8, 15800] loss: 0.148 
[8, 16000] loss: 0.655 
[8, 16200] loss: 0.293 
[8, 16400] loss: 0.049 
[8, 16600] loss: 0.238 
[8, 16800] loss: 0.148 
[8, 17000] loss: 0.243 
[8, 17200] loss: 0.186 
[8, 17400] loss: 0.118 
[8, 17600] loss: 0.440 
[8, 17800] loss: 0.456 
[8, 18000] loss: 0.099 
[8, 18200] loss: 0.373 
[8, 18400] loss: 0.211 
[8, 18600] loss: 0.277 
[9,   200] loss: 0.268 
[9,   400] loss: 0.272 
[9,   600] loss: 0.281 
[9,   800] loss: 0.260 
[9,  1000] loss: 0.190 
[9,  1200] loss: 0.234 
[9,  1400] loss: 0.187 
[9,  1600] loss: 0.262 
[9,  1800] loss: 0.168 
[9,  2000] loss: 0.238 
[9,  2200] loss: 0.486 
[9,  2400] loss: 0.302 
[9,  2600] loss: 0.256 
[9,  2800] loss: 0.579 
[9,  3000] loss: 0.280 
[9,  3200] loss: 0.247 
[9,  3400] loss: 0.243 
[9,  3600] loss: 0.259 
[9,  3800] loss: 0.133 
[9,  4000] loss: 0.303 
[9,  4200] loss: 0.117 
[9,  4400] loss: 0.240 
[9,  4600] loss: 0.232 
[9,  4800] loss: 0.180 
[9,  5000] loss: 0.263 
[9,  5200] loss: 0.168 
[9,  5400] loss: 0.448 
[9,  5600] loss: 0.420 
[9,  5800] loss: 0.574 
[9,  6000] loss: 0.258 
[9,  6200] loss: 0.227 
[9,  6400] loss: 0.042 
[9,  6600] loss: 0.204 
[9,  6800] loss: 0.320 
[9,  7000] loss: 0.566 
[9,  7200] loss: 0.413 
[9,  7400] loss: 0.372 
[9,  7600] loss: 0.316 
[9,  7800] loss: 0.338 
[9,  8000] loss: 0.294 
[9,  8200] loss: 0.111 
[9,  8400] loss: 0.361 
[9,  8600] loss: 0.220 
[9,  8800] loss: 0.425 
[9,  9000] loss: 0.157 
[9,  9200] loss: 0.374 
[9,  9400] loss: 0.232 
[9,  9600] loss: 0.466 
[9,  9800] loss: 0.225 
[9, 10000] loss: 0.375 
[9, 10200] loss: 0.183 
[9, 10400] loss: 0.277 
[9, 10600] loss: 0.288 
[9, 10800] loss: 0.323 
[9, 11000] loss: 0.412 
[9, 11200] loss: 0.066 
[9, 11400] loss: 0.222 
[9, 11600] loss: 0.988 
[9, 11800] loss: 0.223 
[9, 12000] loss: 0.541 
[9, 12200] loss: 0.353 
[9, 12400] loss: 0.180 
[9, 12600] loss: 0.275 
[9, 12800] loss: 0.184 
[9, 13000] loss: 0.198 
[9, 13200] loss: 0.406 
[9, 13400] loss: 0.397 
[9, 13600] loss: 0.339 
[9, 13800] loss: 0.391 
[9, 14000] loss: 0.159 
[9, 14200] loss: 0.156 
[9, 14400] loss: 0.263 
[9, 14600] loss: 0.401 
[9, 14800] loss: 0.119 
[9, 15000] loss: 0.288 
[9, 15200] loss: 0.350 
[9, 15400] loss: 0.279 
[9, 15600] loss: 0.059 
[9, 15800] loss: 0.288 
[9, 16000] loss: 0.441 
[9, 16200] loss: 0.111 
[9, 16400] loss: 0.220 
[9, 16600] loss: 0.406 
[9, 16800] loss: 0.211 
[9, 17000] loss: 0.357 
[9, 17200] loss: 0.066 
[9, 17400] loss: 0.413 
[9, 17600] loss: 0.211 
[9, 17800] loss: 0.180 
[9, 18000] loss: 0.311 
[9, 18200] loss: 0.238 
[9, 18400] loss: 0.502 
[9, 18600] loss: 0.107 
[10,   200] loss: 0.375 
[10,   400] loss: 0.647 
[10,   600] loss: 0.163 
[10,   800] loss: 0.236 
[10,  1000] loss: 0.086 
[10,  1200] loss: 0.373 
[10,  1400] loss: 0.345 
[10,  1600] loss: 0.056 
[10,  1800] loss: 0.179 
[10,  2000] loss: 0.482 
[10,  2200] loss: 0.647 
[10,  2400] loss: 0.218 
[10,  2600] loss: 0.240 
[10,  2800] loss: 0.398 
[10,  3000] loss: 0.133 
[10,  3200] loss: 0.307 
[10,  3400] loss: 0.352 
[10,  3600] loss: 0.039 
[10,  3800] loss: 0.384 
[10,  4000] loss: 0.485 
[10,  4200] loss: 0.524 
[10,  4400] loss: 0.091 
[10,  4600] loss: 0.311 
[10,  4800] loss: 0.172 
[10,  5000] loss: 0.359 
[10,  5200] loss: 0.266 
[10,  5400] loss: 0.236 
[10,  5600] loss: 0.232 
[10,  5800] loss: 0.306 
[10,  6000] loss: 0.314 
[10,  6200] loss: 0.216 
[10,  6400] loss: 0.335 
[10,  6600] loss: 0.075 
[10,  6800] loss: 0.227 
[10,  7000] loss: 0.466 
[10,  7200] loss: 0.322 
[10,  7400] loss: 0.096 
[10,  7600] loss: 0.337 
[10,  7800] loss: 0.152 
[10,  8000] loss: 0.343 
[10,  8200] loss: 0.217 
[10,  8400] loss: 0.199 
[10,  8600] loss: 0.092 
[10,  8800] loss: 0.370 
[10,  9000] loss: 0.330 
[10,  9200] loss: 0.444 
[10,  9400] loss: 0.153 
[10,  9600] loss: 0.576 
[10,  9800] loss: 0.512 
[10, 10000] loss: 0.109 
[10, 10200] loss: 0.400 
[10, 10400] loss: 0.243 
[10, 10600] loss: 0.132 
[10, 10800] loss: 0.348 
[10, 11000] loss: 0.158 
[10, 11200] loss: 0.160 
[10, 11400] loss: 0.053 
[10, 11600] loss: 0.308 
[10, 11800] loss: 0.203 
[10, 12000] loss: 0.531 
[10, 12200] loss: 0.227 
[10, 12400] loss: 0.108 
[10, 12600] loss: 0.202 
[10, 12800] loss: 0.299 
[10, 13000] loss: 0.333 
[10, 13200] loss: 0.262 
[10, 13400] loss: 0.525 
[10, 13600] loss: 0.296 
[10, 13800] loss: 0.206 
[10, 14000] loss: 0.096 
[10, 14200] loss: 0.226 
[10, 14400] loss: 0.566 
[10, 14600] loss: 0.438 
[10, 14800] loss: 0.229 
[10, 15000] loss: 0.194 
[10, 15200] loss: 0.309 
[10, 15400] loss: 0.252 
[10, 15600] loss: 0.283 
[10, 15800] loss: 0.502 
[10, 16000] loss: 0.127 
[10, 16200] loss: 0.213 
[10, 16400] loss: 0.422 
[10, 16600] loss: 0.263 
[10, 16800] loss: 0.149 
[10, 17000] loss: 0.417 
[10, 17200] loss: 0.131 
[10, 17400] loss: 0.693 
[10, 17600] loss: 0.077 
[10, 17800] loss: 0.355 
[10, 18000] loss: 0.258 
[10, 18200] loss: 0.468 
[10, 18400] loss: 0.444 
[10, 18600] loss: 0.696 
