[0,   200] loss: 1.961 
[0,   400] loss: 1.722 
[0,   600] loss: 1.330 
[0,   800] loss: 1.843 
[0,  1000] loss: 1.753 
[0,  1200] loss: 1.815 
[0,  1400] loss: 1.730 
[0,  1600] loss: 1.811 
[0,  1800] loss: 2.011 
[0,  2000] loss: 1.894 
[0,  2200] loss: 1.697 
[0,  2400] loss: 1.838 
[0,  2600] loss: 1.920 
[0,  2800] loss: 1.607 
[0,  3000] loss: 1.921 
[0,  3200] loss: 1.925 
[0,  3400] loss: 1.946 
[0,  3600] loss: 2.325 
[0,  3800] loss: 2.054 
[0,  4000] loss: 1.772 
[0,  4200] loss: 1.942 
[0,  4400] loss: 1.978 
[0,  4600] loss: 1.821 
[0,  4800] loss: 1.685 
[0,  5000] loss: 1.776 
[0,  5200] loss: 2.017 
[0,  5400] loss: 1.956 
[0,  5600] loss: 1.988 
[0,  5800] loss: 2.140 
[0,  6000] loss: 2.655 
[1,   200] loss: 1.936 
[1,   400] loss: 1.978 
[1,   600] loss: 2.026 
[1,   800] loss: 2.102 
[1,  1000] loss: 1.933 
[1,  1200] loss: 2.079 
[1,  1400] loss: 2.026 
[1,  1600] loss: 2.025 
[1,  1800] loss: 2.182 
[1,  2000] loss: 1.947 
[1,  2200] loss: 2.273 
[1,  2400] loss: 1.998 
[1,  2600] loss: 2.075 
[1,  2800] loss: 2.055 
[1,  3000] loss: 2.008 
[1,  3200] loss: 2.303 
[1,  3400] loss: 2.176 
[1,  3600] loss: 2.136 
[1,  3800] loss: 2.056 
[1,  4000] loss: 1.901 
[1,  4200] loss: 2.139 
[1,  4400] loss: 1.977 
[1,  4600] loss: 2.027 
[1,  4800] loss: 1.983 
[1,  5000] loss: 1.870 
[1,  5200] loss: 2.012 
[1,  5400] loss: 1.944 
[1,  5600] loss: 2.086 
[1,  5800] loss: 2.078 
[1,  6000] loss: 2.109 
[2,   200] loss: 2.078 
[2,   400] loss: 1.989 
[2,   600] loss: 2.056 
[2,   800] loss: 2.170 
[2,  1000] loss: 2.101 
[2,  1200] loss: 2.087 
[2,  1400] loss: 2.186 
[2,  1600] loss: 2.348 
[2,  1800] loss: 2.061 
[2,  2000] loss: 2.144 
[2,  2200] loss: 2.149 
[2,  2400] loss: 2.104 
[2,  2600] loss: 1.901 
[2,  2800] loss: 2.238 
[2,  3000] loss: 2.116 
[2,  3200] loss: 2.034 
[2,  3400] loss: 2.188 
[2,  3600] loss: 2.190 
[2,  3800] loss: 2.029 
[2,  4000] loss: 2.193 
[2,  4200] loss: 2.099 
[2,  4400] loss: 2.138 
[2,  4600] loss: 2.122 
[2,  4800] loss: 2.097 
[2,  5000] loss: 1.919 
[2,  5200] loss: 2.082 
[2,  5400] loss: 2.046 
[2,  5600] loss: 2.217 
[2,  5800] loss: 2.108 
[2,  6000] loss: 1.987 
[3,   200] loss: 2.079 
[3,   400] loss: 2.231 
[3,   600] loss: 1.925 
[3,   800] loss: 2.095 
[3,  1000] loss: 2.032 
[3,  1200] loss: 2.180 
[3,  1400] loss: 2.285 
[3,  1600] loss: 2.149 
[3,  1800] loss: 2.197 
[3,  2000] loss: 1.969 
[3,  2200] loss: 2.168 
[3,  2400] loss: 2.166 
[3,  2600] loss: 2.265 
[3,  2800] loss: 2.051 
[3,  3000] loss: 2.137 
[3,  3200] loss: 2.203 
[3,  3400] loss: 2.164 
[3,  3600] loss: 1.949 
[3,  3800] loss: 1.981 
[3,  4000] loss: 2.005 
[3,  4200] loss: 2.188 
[3,  4400] loss: 2.152 
[3,  4600] loss: 6.740 
[3,  4800] loss: 2.077 
[3,  5000] loss: 2.107 
[3,  5200] loss: 2.093 
[3,  5400] loss: 2.301 
[3,  5600] loss: 2.215 
[3,  5800] loss: 2.002 
[3,  6000] loss: 2.056 
[4,   200] loss: 2.067 
[4,   400] loss: 2.224 
[4,   600] loss: 2.109 
[4,   800] loss: 2.177 
[4,  1000] loss: 2.042 
[4,  1200] loss: 2.214 
[4,  1400] loss: 2.100 
[4,  1600] loss: 2.157 
[4,  1800] loss: 2.063 
[4,  2000] loss: 2.030 
[4,  2200] loss: 1.936 
[4,  2400] loss: 2.261 
[4,  2600] loss: 2.160 
[4,  2800] loss: 1.983 
[4,  3000] loss: 2.105 
[4,  3200] loss: 2.135 
[4,  3400] loss: 2.238 
[4,  3600] loss: 2.066 
[4,  3800] loss: 2.157 
[4,  4000] loss: 2.116 
[4,  4200] loss: 2.107 
[4,  4400] loss: 2.133 
[4,  4600] loss: 2.156 
[4,  4800] loss: 2.041 
[4,  5000] loss: 2.206 
[4,  5200] loss: 2.130 
[4,  5400] loss: 2.254 
[4,  5600] loss: 2.152 
[4,  5800] loss: 2.225 
[4,  6000] loss: 2.213 
[5,   200] loss: 2.163 
[5,   400] loss: 2.181 
[5,   600] loss: 2.094 
[5,   800] loss: 2.084 
[5,  1000] loss: 1.973 
[5,  1200] loss: 2.059 
[5,  1400] loss: 2.030 
[5,  1600] loss: 2.153 
[5,  1800] loss: 2.159 
[5,  2000] loss: 2.275 
[5,  2200] loss: 2.160 
[5,  2400] loss: 1.993 
[5,  2600] loss: 1.913 
[5,  2800] loss: 2.083 
[5,  3000] loss: 2.222 
[5,  3200] loss: 2.155 
[5,  3400] loss: 1.833 
[5,  3600] loss: 2.195 
[5,  3800] loss: 2.117 
[5,  4000] loss: 2.061 
[5,  4200] loss: 2.112 
[5,  4400] loss: 2.098 
[5,  4600] loss: 2.245 
[5,  4800] loss: 2.039 
[5,  5000] loss: 1.850 
[5,  5200] loss: 2.280 
[5,  5400] loss: 2.158 
[5,  5600] loss: 2.254 
[5,  5800] loss: 2.091 
[5,  6000] loss: 2.113 
[6,   200] loss: 2.177 
[6,   400] loss: 2.175 
[6,   600] loss: 1.981 
[6,   800] loss: 2.110 
[6,  1000] loss: 2.098 
[6,  1200] loss: 2.291 
[6,  1400] loss: 1.971 
[6,  1600] loss: 1.913 
[6,  1800] loss: 2.134 
[6,  2000] loss: 2.299 
[6,  2200] loss: 2.153 
[6,  2400] loss: 2.019 
[6,  2600] loss: 1.955 
[6,  2800] loss: 2.131 
[6,  3000] loss: 2.051 
[6,  3200] loss: 2.358 
[6,  3400] loss: 1.976 
[6,  3600] loss: 2.106 
[6,  3800] loss: 2.070 
[6,  4000] loss: 2.241 
[6,  4200] loss: 2.224 
[6,  4400] loss: 2.083 
[6,  4600] loss: 2.186 
[6,  4800] loss: 2.300 
[6,  5000] loss: 2.173 
[6,  5200] loss: 2.151 
[6,  5400] loss: 2.030 
[6,  5600] loss: 1.887 
[6,  5800] loss: 2.194 
[6,  6000] loss: 2.297 
[7,   200] loss: 1.970 
[7,   400] loss: 2.140 
[7,   600] loss: 1.834 
[7,   800] loss: 1.935 
[7,  1000] loss: 2.177 
[7,  1200] loss: 2.245 
[7,  1400] loss: 2.106 
[7,  1600] loss: 2.235 
[7,  1800] loss: 1.954 
[7,  2000] loss: 2.163 
[7,  2200] loss: 1.979 
[7,  2400] loss: 2.158 
[7,  2600] loss: 2.084 
[7,  2800] loss: 2.107 
[7,  3000] loss: 2.152 
[7,  3200] loss: 2.087 
[7,  3400] loss: 2.050 
[7,  3600] loss: 2.182 
[7,  3800] loss: 2.065 
[7,  4000] loss: 2.090 
[7,  4200] loss: 2.133 
[7,  4400] loss: 1.961 
[7,  4600] loss: 2.035 
[7,  4800] loss: 2.186 
[7,  5000] loss: 2.151 
[7,  5200] loss: 2.024 
[7,  5400] loss: 2.179 
[7,  5600] loss: 2.173 
[7,  5800] loss: 2.002 
[7,  6000] loss: 1.959 
[8,   200] loss: 2.204 
[8,   400] loss: 2.147 
[8,   600] loss: 2.001 
[8,   800] loss: 2.027 
[8,  1000] loss: 2.024 
[8,  1200] loss: 2.085 
[8,  1400] loss: 1.990 
[8,  1600] loss: 2.087 
[8,  1800] loss: 2.016 
[8,  2000] loss: 2.166 
[8,  2200] loss: 2.139 
[8,  2400] loss: 2.259 
[8,  2600] loss: 2.040 
[8,  2800] loss: 2.160 
[8,  3000] loss: 2.257 
[8,  3200] loss: 2.241 
[8,  3400] loss: 2.114 
[8,  3600] loss: 2.217 
[8,  3800] loss: 2.060 
[8,  4000] loss: 2.189 
[8,  4200] loss: 2.051 
[8,  4400] loss: 2.152 
[8,  4600] loss: 1.763 
[8,  4800] loss: 2.261 
[8,  5000] loss: 2.055 
[8,  5200] loss: 2.169 
[8,  5400] loss: 1.956 
[8,  5600] loss: 2.072 
[8,  5800] loss: 2.102 
[8,  6000] loss: 2.149 
[9,   200] loss: 2.324 
[9,   400] loss: 1.911 
[9,   600] loss: 1.972 
[9,   800] loss: 2.096 
[9,  1000] loss: 1.956 
[9,  1200] loss: 2.027 
[9,  1400] loss: 1.936 
[9,  1600] loss: 2.273 
[9,  1800] loss: 2.109 
[9,  2000] loss: 2.089 
[9,  2200] loss: 2.208 
[9,  2400] loss: 2.079 
[9,  2600] loss: 1.771 
[9,  2800] loss: 2.145 
[9,  3000] loss: 2.088 
[9,  3200] loss: 2.347 
[9,  3400] loss: 2.151 
[9,  3600] loss: 2.094 
[9,  3800] loss: 2.282 
[9,  4000] loss: 2.246 
[9,  4200] loss: 2.151 
[9,  4400] loss: 2.102 
[9,  4600] loss: 1.887 
[9,  4800] loss: 2.056 
[9,  5000] loss: 2.162 
[9,  5200] loss: 2.081 
[9,  5400] loss: 2.030 
[9,  5600] loss: 2.100 
[9,  5800] loss: 2.070 
[9,  6000] loss: 2.261 
[10,   200] loss: 2.090 
[10,   400] loss: 2.261 
[10,   600] loss: 1.810 
[10,   800] loss: 2.300 
[10,  1000] loss: 2.029 
[10,  1200] loss: 2.220 
[10,  1400] loss: 1.970 
[10,  1600] loss: 2.336 
[10,  1800] loss: 1.910 
[10,  2000] loss: 2.042 
[10,  2200] loss: 2.120 
[10,  2400] loss: 2.355 
[10,  2600] loss: 1.989 
[10,  2800] loss: 2.100 
[10,  3000] loss: 2.147 
[10,  3200] loss: 2.073 
[10,  3400] loss: 2.088 
[10,  3600] loss: 2.031 
[10,  3800] loss: 2.063 
[10,  4000] loss: 2.039 
[10,  4200] loss: 2.036 
[10,  4400] loss: 2.006 
[10,  4600] loss: 1.981 
[10,  4800] loss: 1.779 
[10,  5000] loss: 1.932 
[10,  5200] loss: 2.217 
[10,  5400] loss: 1.835 
[10,  5600] loss: 2.076 
[10,  5800] loss: 2.111 
[10,  6000] loss: 1.965 
