[0,   200] loss: 1.579 
[0,   400] loss: 1.287 
[0,   600] loss: 1.095 
[0,   800] loss: 0.866 
[0,  1000] loss: 0.626 
[0,  1200] loss: 0.468 
[0,  1400] loss: 0.618 
[0,  1600] loss: 0.525 
[0,  1800] loss: 0.915 
[0,  2000] loss: 0.756 
[0,  2200] loss: 0.887 
[0,  2400] loss: 0.607 
[0,  2600] loss: 0.763 
[0,  2800] loss: 0.665 
[0,  3000] loss: 0.542 
[0,  3200] loss: 0.481 
[0,  3400] loss: 0.350 
[0,  3600] loss: 0.629 
[0,  3800] loss: 0.480 
[0,  4000] loss: 0.323 
[0,  4200] loss: 0.588 
[0,  4400] loss: 0.360 
[0,  4600] loss: 0.571 
[0,  4800] loss: 0.558 
[0,  5000] loss: 0.556 
[0,  5200] loss: 1.003 
[0,  5400] loss: 0.390 
[0,  5600] loss: 0.290 
[0,  5800] loss: 0.363 
[0,  6000] loss: 0.305 
[0,  6200] loss: 0.452 
[0,  6400] loss: 0.442 
[0,  6600] loss: 0.757 
[0,  6800] loss: 0.551 
[0,  7000] loss: 0.480 
[0,  7200] loss: 0.578 
[0,  7400] loss: 0.409 
[0,  7600] loss: 0.502 
[0,  7800] loss: 0.498 
[0,  8000] loss: 0.554 
[0,  8200] loss: 0.554 
[0,  8400] loss: 0.807 
[0,  8600] loss: 0.461 
[0,  8800] loss: 0.675 
[0,  9000] loss: 0.458 
[0,  9200] loss: 0.455 
[0,  9400] loss: 0.538 
[0,  9600] loss: 0.690 
[0,  9800] loss: 0.294 
[0, 10000] loss: 0.329 
[0, 10200] loss: 0.431 
[0, 10400] loss: 0.432 
[0, 10600] loss: 0.421 
[0, 10800] loss: 0.370 
[0, 11000] loss: 0.420 
[0, 11200] loss: 0.274 
[0, 11400] loss: 0.507 
[0, 11600] loss: 0.624 
[0, 11800] loss: 0.207 
[0, 12000] loss: 0.499 
[0, 12200] loss: 0.652 
[0, 12400] loss: 0.831 
[0, 12600] loss: 0.348 
[0, 12800] loss: 0.306 
[0, 13000] loss: 0.427 
[0, 13200] loss: 0.445 
[0, 13400] loss: 0.349 
[0, 13600] loss: 0.395 
[0, 13800] loss: 0.403 
[0, 14000] loss: 0.310 
[0, 14200] loss: 0.134 
[0, 14400] loss: 0.374 
[0, 14600] loss: 0.283 
[0, 14800] loss: 0.435 
[0, 15000] loss: 0.347 
[0, 15200] loss: 0.360 
[0, 15400] loss: 0.325 
[0, 15600] loss: 0.558 
[0, 15800] loss: 0.299 
[0, 16000] loss: 0.408 
[0, 16200] loss: 0.218 
[0, 16400] loss: 0.616 
[0, 16600] loss: 0.368 
[0, 16800] loss: 0.388 
[0, 17000] loss: 0.741 
[0, 17200] loss: 0.392 
[0, 17400] loss: 0.334 
[0, 17600] loss: 0.263 
[0, 17800] loss: 0.361 
[0, 18000] loss: 0.438 
[0, 18200] loss: 0.270 
[0, 18400] loss: 0.361 
[0, 18600] loss: 0.198 
[1,   200] loss: 0.347 
[1,   400] loss: 0.346 
[1,   600] loss: 0.345 
[1,   800] loss: 0.395 
[1,  1000] loss: 0.360 
[1,  1200] loss: 0.321 
[1,  1400] loss: 0.157 
[1,  1600] loss: 0.105 
[1,  1800] loss: 0.330 
[1,  2000] loss: 0.284 
[1,  2200] loss: 0.442 
[1,  2400] loss: 0.687 
[1,  2600] loss: 0.373 
[1,  2800] loss: 0.399 
[1,  3000] loss: 0.250 
[1,  3200] loss: 0.299 
[1,  3400] loss: 0.238 
[1,  3600] loss: 0.072 
[1,  3800] loss: 0.288 
[1,  4000] loss: 0.420 
[1,  4200] loss: 0.064 
[1,  4400] loss: 0.394 
[1,  4600] loss: 0.807 
[1,  4800] loss: 0.276 
[1,  5000] loss: 0.373 
[1,  5200] loss: 0.408 
[1,  5400] loss: 0.257 
[1,  5600] loss: 0.245 
[1,  5800] loss: 0.516 
[1,  6000] loss: 0.299 
[1,  6200] loss: 0.315 
[1,  6400] loss: 0.242 
[1,  6600] loss: 0.125 
[1,  6800] loss: 0.538 
[1,  7000] loss: 0.531 
[1,  7200] loss: 0.450 
[1,  7400] loss: 0.312 
[1,  7600] loss: 0.356 
[1,  7800] loss: 0.407 
[1,  8000] loss: 0.321 
[1,  8200] loss: 0.499 
[1,  8400] loss: 0.512 
[1,  8600] loss: 0.132 
[1,  8800] loss: 0.250 
[1,  9000] loss: 0.284 
[1,  9200] loss: 0.317 
[1,  9400] loss: 0.556 
[1,  9600] loss: 0.448 
[1,  9800] loss: 0.585 
[1, 10000] loss: 0.307 
[1, 10200] loss: 0.418 
[1, 10400] loss: 0.209 
[1, 10600] loss: 0.122 
[1, 10800] loss: 0.219 
[1, 11000] loss: 0.263 
[1, 11200] loss: 0.213 
[1, 11400] loss: 0.455 
[1, 11600] loss: 0.330 
[1, 11800] loss: 0.365 
[1, 12000] loss: 0.355 
[1, 12200] loss: 0.238 
[1, 12400] loss: 0.251 
[1, 12600] loss: 0.548 
[1, 12800] loss: 0.355 
[1, 13000] loss: 0.308 
[1, 13200] loss: 0.363 
[1, 13400] loss: 0.274 
[1, 13600] loss: 0.267 
[1, 13800] loss: 0.168 
[1, 14000] loss: 0.500 
[1, 14200] loss: 0.496 
[1, 14400] loss: 0.243 
[1, 14600] loss: 0.164 
[1, 14800] loss: 0.332 
[1, 15000] loss: 0.193 
[1, 15200] loss: 0.568 
[1, 15400] loss: 0.337 
[1, 15600] loss: 0.412 
[1, 15800] loss: 0.314 
[1, 16000] loss: 0.507 
[1, 16200] loss: 0.613 
[1, 16400] loss: 0.396 
[1, 16600] loss: 0.581 
[1, 16800] loss: 0.454 
[1, 17000] loss: 0.319 
[1, 17200] loss: 0.339 
[1, 17400] loss: 0.520 
[1, 17600] loss: 0.409 
[1, 17800] loss: 0.262 
[1, 18000] loss: 0.172 
[1, 18200] loss: 0.349 
[1, 18400] loss: 0.395 
[1, 18600] loss: 0.166 
[2,   200] loss: 0.430 
[2,   400] loss: 0.326 
[2,   600] loss: 0.251 
[2,   800] loss: 0.168 
[2,  1000] loss: 0.340 
[2,  1200] loss: 0.284 
[2,  1400] loss: 0.340 
[2,  1600] loss: 0.220 
[2,  1800] loss: 0.275 
[2,  2000] loss: 0.199 
[2,  2200] loss: 0.231 
[2,  2400] loss: 0.124 
[2,  2600] loss: 0.385 
[2,  2800] loss: 0.265 
[2,  3000] loss: 0.777 
[2,  3200] loss: 0.207 
[2,  3400] loss: 0.212 
[2,  3600] loss: 0.188 
[2,  3800] loss: 0.485 
[2,  4000] loss: 0.451 
[2,  4200] loss: 0.207 
[2,  4400] loss: 0.126 
[2,  4600] loss: 0.337 
[2,  4800] loss: 0.232 
[2,  5000] loss: 0.130 
[2,  5200] loss: 0.481 
[2,  5400] loss: 0.383 
[2,  5600] loss: 0.358 
[2,  5800] loss: 0.299 
[2,  6000] loss: 0.231 
[2,  6200] loss: 0.423 
[2,  6400] loss: 0.188 
[2,  6600] loss: 0.418 
[2,  6800] loss: 0.097 
[2,  7000] loss: 0.294 
[2,  7200] loss: 0.787 
[2,  7400] loss: 0.194 
[2,  7600] loss: 0.178 
[2,  7800] loss: 0.375 
[2,  8000] loss: 0.369 
[2,  8200] loss: 0.507 
[2,  8400] loss: 0.298 
[2,  8600] loss: 0.347 
[2,  8800] loss: 0.504 
[2,  9000] loss: 0.365 
[2,  9200] loss: 0.119 
[2,  9400] loss: 0.523 
[2,  9600] loss: 0.463 
[2,  9800] loss: 0.261 
[2, 10000] loss: 1.020 
[2, 10200] loss: 0.480 
[2, 10400] loss: 0.092 
[2, 10600] loss: 0.258 
[2, 10800] loss: 0.182 
[2, 11000] loss: 0.489 
[2, 11200] loss: 0.365 
[2, 11400] loss: 0.091 
[2, 11600] loss: 0.200 
[2, 11800] loss: 0.332 
[2, 12000] loss: 0.229 
[2, 12200] loss: 0.347 
[2, 12400] loss: 0.231 
[2, 12600] loss: 0.247 
[2, 12800] loss: 0.267 
[2, 13000] loss: 0.370 
[2, 13200] loss: 0.197 
[2, 13400] loss: 0.310 
[2, 13600] loss: 0.056 
[2, 13800] loss: 0.259 
[2, 14000] loss: 0.195 
[2, 14200] loss: 0.421 
[2, 14400] loss: 0.256 
[2, 14600] loss: 0.099 
[2, 14800] loss: 0.126 
[2, 15000] loss: 0.234 
[2, 15200] loss: 0.222 
[2, 15400] loss: 0.085 
[2, 15600] loss: 0.197 
[2, 15800] loss: 0.328 
[2, 16000] loss: 0.606 
[2, 16200] loss: 0.401 
[2, 16400] loss: 0.369 
[2, 16600] loss: 0.210 
[2, 16800] loss: 0.223 
[2, 17000] loss: 0.245 
[2, 17200] loss: 0.433 
[2, 17400] loss: 0.422 
[2, 17600] loss: 0.299 
[2, 17800] loss: 0.760 
[2, 18000] loss: 0.320 
[2, 18200] loss: 0.252 
[2, 18400] loss: 0.191 
[2, 18600] loss: 0.323 
[3,   200] loss: 0.200 
[3,   400] loss: 0.168 
[3,   600] loss: 0.250 
[3,   800] loss: 0.560 
[3,  1000] loss: 0.149 
[3,  1200] loss: 0.157 
[3,  1400] loss: 0.340 
[3,  1600] loss: 0.452 
[3,  1800] loss: 0.145 
[3,  2000] loss: 0.277 
[3,  2200] loss: 0.173 
[3,  2400] loss: 0.322 
[3,  2600] loss: 0.144 
[3,  2800] loss: 0.319 
[3,  3000] loss: 0.285 
[3,  3200] loss: 0.329 
[3,  3400] loss: 0.292 
[3,  3600] loss: 0.180 
[3,  3800] loss: 0.066 
[3,  4000] loss: 0.320 
[3,  4200] loss: 0.164 
[3,  4400] loss: 0.104 
[3,  4600] loss: 0.261 
[3,  4800] loss: 0.695 
[3,  5000] loss: 0.183 
[3,  5200] loss: 0.096 
[3,  5400] loss: 0.186 
[3,  5600] loss: 0.407 
[3,  5800] loss: 0.461 
[3,  6000] loss: 0.284 
[3,  6200] loss: 0.371 
[3,  6400] loss: 0.206 
[3,  6600] loss: 0.317 
[3,  6800] loss: 0.441 
[3,  7000] loss: 0.166 
[3,  7200] loss: 0.146 
[3,  7400] loss: 0.343 
[3,  7600] loss: 0.338 
[3,  7800] loss: 0.110 
[3,  8000] loss: 0.421 
[3,  8200] loss: 0.251 
[3,  8400] loss: 0.460 
[3,  8600] loss: 0.333 
[3,  8800] loss: 0.318 
[3,  9000] loss: 0.171 
[3,  9200] loss: 0.438 
[3,  9400] loss: 0.404 
[3,  9600] loss: 0.186 
[3,  9800] loss: 0.245 
[3, 10000] loss: 0.288 
[3, 10200] loss: 0.130 
[3, 10400] loss: 0.539 
[3, 10600] loss: 0.228 
[3, 10800] loss: 0.478 
[3, 11000] loss: 0.253 
[3, 11200] loss: 0.049 
[3, 11400] loss: 0.190 
[3, 11600] loss: 0.410 
[3, 11800] loss: 0.353 
[3, 12000] loss: 0.224 
[3, 12200] loss: 0.315 
[3, 12400] loss: 0.375 
[3, 12600] loss: 0.267 
[3, 12800] loss: 0.182 
[3, 13000] loss: 0.322 
[3, 13200] loss: 0.260 
[3, 13400] loss: 0.314 
[3, 13600] loss: 0.481 
[3, 13800] loss: 0.432 
[3, 14000] loss: 0.116 
[3, 14200] loss: 0.333 
[3, 14400] loss: 0.298 
[3, 14600] loss: 0.614 
[3, 14800] loss: 0.588 
[3, 15000] loss: 0.363 
[3, 15200] loss: 0.453 
[3, 15400] loss: 0.400 
[3, 15600] loss: 0.473 
[3, 15800] loss: 0.486 
[3, 16000] loss: 0.224 
[3, 16200] loss: 0.195 
[3, 16400] loss: 0.134 
[3, 16600] loss: 0.556 
[3, 16800] loss: 0.304 
[3, 17000] loss: 0.175 
[3, 17200] loss: 0.347 
[3, 17400] loss: 0.632 
[3, 17600] loss: 0.144 
[3, 17800] loss: 0.366 
[3, 18000] loss: 0.172 
[3, 18200] loss: 0.238 
[3, 18400] loss: 0.304 
[3, 18600] loss: 0.403 
[4,   200] loss: 0.339 
[4,   400] loss: 0.299 
[4,   600] loss: 0.061 
[4,   800] loss: 0.493 
[4,  1000] loss: 0.144 
[4,  1200] loss: 0.363 
[4,  1400] loss: 0.086 
[4,  1600] loss: 0.330 
[4,  1800] loss: 0.261 
[4,  2000] loss: 0.384 
[4,  2200] loss: 0.192 
[4,  2400] loss: 0.137 
[4,  2600] loss: 0.387 
[4,  2800] loss: 0.195 
[4,  3000] loss: 0.465 
[4,  3200] loss: 0.271 
[4,  3400] loss: 0.211 
[4,  3600] loss: 0.215 
[4,  3800] loss: 0.625 
[4,  4000] loss: 0.110 
[4,  4200] loss: 0.492 
[4,  4400] loss: 0.210 
[4,  4600] loss: 0.559 
[4,  4800] loss: 0.172 
[4,  5000] loss: 0.258 
[4,  5200] loss: 0.470 
[4,  5400] loss: 0.170 
[4,  5600] loss: 0.228 
[4,  5800] loss: 0.112 
[4,  6000] loss: 0.258 
[4,  6200] loss: 0.201 
[4,  6400] loss: 0.161 
[4,  6600] loss: 0.068 
[4,  6800] loss: 0.143 
[4,  7000] loss: 0.336 
[4,  7200] loss: 0.329 
[4,  7400] loss: 0.270 
[4,  7600] loss: 0.155 
[4,  7800] loss: 0.313 
[4,  8000] loss: 0.050 
[4,  8200] loss: 0.249 
[4,  8400] loss: 0.266 
[4,  8600] loss: 0.179 
[4,  8800] loss: 0.129 
[4,  9000] loss: 0.374 
[4,  9200] loss: 0.225 
[4,  9400] loss: 0.250 
[4,  9600] loss: 0.122 
[4,  9800] loss: 0.291 
[4, 10000] loss: 0.153 
[4, 10200] loss: 0.140 
[4, 10400] loss: 0.212 
[4, 10600] loss: 0.242 
[4, 10800] loss: 0.098 
[4, 11000] loss: 0.330 
[4, 11200] loss: 0.323 
[4, 11400] loss: 0.178 
[4, 11600] loss: 0.281 
[4, 11800] loss: 0.059 
[4, 12000] loss: 0.235 
[4, 12200] loss: 0.278 
[4, 12400] loss: 0.471 
[4, 12600] loss: 0.277 
[4, 12800] loss: 0.287 
[4, 13000] loss: 0.484 
[4, 13200] loss: 0.356 
[4, 13400] loss: 0.431 
[4, 13600] loss: 0.315 
[4, 13800] loss: 0.173 
[4, 14000] loss: 0.251 
[4, 14200] loss: 0.381 
[4, 14400] loss: 0.197 
[4, 14600] loss: 0.353 
[4, 14800] loss: 0.399 
[4, 15000] loss: 0.109 
[4, 15200] loss: 0.618 
[4, 15400] loss: 0.111 
[4, 15600] loss: 0.212 
[4, 15800] loss: 0.240 
[4, 16000] loss: 0.125 
[4, 16200] loss: 0.425 
[4, 16400] loss: 0.330 
[4, 16600] loss: 0.228 
[4, 16800] loss: 0.346 
[4, 17000] loss: 0.279 
[4, 17200] loss: 0.343 
[4, 17400] loss: 0.611 
[4, 17600] loss: 0.318 
[4, 17800] loss: 0.345 
[4, 18000] loss: 0.449 
[4, 18200] loss: 0.270 
[4, 18400] loss: 0.301 
[4, 18600] loss: 0.348 
