[1,   200] loss: 2.138
[1,   400] loss: 2.079
[1,   600] loss: 2.054
[1,   800] loss: 2.063
[1,  1000] loss: 2.017
[1,  1200] loss: 1.985
[1,  1400] loss: 1.942
[1,  1600] loss: 1.964
[1,  1800] loss: 1.915
[1,  2000] loss: 1.905
[1,  2200] loss: 1.885
[1,  2400] loss: 1.873
[1,  2600] loss: 1.832
[1,  2800] loss: 1.823
[1,  3000] loss: 1.876
[1,  3200] loss: 1.936
[1,  3400] loss: 1.878
[1,  3600] loss: 1.866
[1,  3800] loss: 1.876
[1,  4000] loss: 1.871
[1,  4200] loss: 1.833
[1,  4400] loss: 1.864
[1,  4600] loss: 1.836
[1,  4800] loss: 1.858
[1,  5000] loss: 1.840
[1,  5200] loss: 1.856
[1,  5400] loss: 1.801
[1,  5600] loss: 1.792
[1,  5800] loss: 1.810
[1,  6000] loss: 1.773
[1,  6200] loss: 1.857
[1,  6400] loss: 1.894
[1,  6600] loss: 1.912
[1,  6800] loss: 1.884
[1,  7000] loss: 1.861
[1,  7200] loss: 1.853
[1,  7400] loss: 1.839
[1,  7600] loss: 1.798
[1,  7800] loss: 1.792
[1,  8000] loss: 1.785
[1,  8200] loss: 1.843
[1,  8400] loss: 1.829
[1,  8600] loss: 1.821
[1,  8800] loss: 1.806
[1,  9000] loss: 1.816
[1,  9200] loss: 1.794
[1,  9400] loss: 1.782
[1,  9600] loss: 1.790
[1,  9800] loss: 1.751
[1, 10000] loss: 1.761
[1, 10200] loss: 1.758
[1, 10400] loss: 1.768
[1, 10600] loss: 1.768
[1, 10800] loss: 1.781
[1, 11000] loss: 1.778
[1, 11200] loss: 1.756
[1, 11400] loss: 1.764
[1, 11600] loss: 1.778
[1, 11800] loss: 1.756
[1, 12000] loss: 1.744
[1, 12200] loss: 1.709
[1, 12400] loss: 1.716
[1, 12600] loss: 1.709
[1, 12800] loss: 1.727
[1, 13000] loss: 1.730
[1, 13200] loss: 1.816
[1, 13400] loss: 1.810
[1, 13600] loss: 1.842
[1, 13800] loss: 1.853
[1, 14000] loss: 1.869
[1, 14200] loss: 1.852
[1, 14400] loss: 1.818
[1, 14600] loss: 1.813
[1, 14800] loss: 1.772
[1, 15000] loss: 1.777
[1, 15200] loss: 1.762
[1, 15400] loss: 1.748
[1, 15600] loss: 1.730
[1, 15800] loss: 1.717
[1, 16000] loss: 1.730
[1, 16200] loss: 1.739
[1, 16400] loss: 1.731
[1, 16600] loss: 1.772
[1, 16800] loss: 1.711
[1, 17000] loss: 1.715
[1, 17200] loss: 1.719
[1, 17400] loss: 1.696
[1, 17600] loss: 1.697
[1, 17800] loss: 1.666
[1, 18000] loss: 1.690
[1, 18200] loss: 1.689
[1, 18400] loss: 1.674
[1, 18600] loss: 1.684
[2,   200] loss: 1.708
[2,   400] loss: 1.707
[2,   600] loss: 1.752
[2,   800] loss: 1.753
[2,  1000] loss: 1.751
[2,  1200] loss: 1.721
[2,  1400] loss: 1.717
[2,  1600] loss: 1.710
[2,  1800] loss: 1.739
[2,  2000] loss: 1.714
[2,  2200] loss: 1.742
[2,  2400] loss: 1.755
[2,  2600] loss: 1.713
[2,  2800] loss: 1.726
[2,  3000] loss: 1.721
[2,  3200] loss: 1.718
[2,  3400] loss: 1.699
[2,  3600] loss: 1.685
[2,  3800] loss: 1.686
[2,  4000] loss: 1.728
[2,  4200] loss: 1.750
[2,  4400] loss: 1.700
[2,  4600] loss: 1.715
[2,  4800] loss: 1.715
[2,  5000] loss: 1.681
[2,  5200] loss: 1.708
[2,  5400] loss: 1.700
[2,  5600] loss: 1.724
[2,  5800] loss: 1.698
[2,  6000] loss: 1.695
[2,  6200] loss: 1.686
[2,  6400] loss: 1.673
[2,  6600] loss: 1.681
[2,  6800] loss: 1.646
[2,  7000] loss: 1.698
[2,  7200] loss: 1.676
[2,  7400] loss: 1.649
[2,  7600] loss: 1.651
[2,  7800] loss: 1.686
[2,  8000] loss: 1.663
[2,  8200] loss: 1.657
[2,  8400] loss: 1.662
[2,  8600] loss: 1.665
[2,  8800] loss: 1.649
[2,  9000] loss: 1.678
[2,  9200] loss: 1.689
[2,  9400] loss: 1.681
[2,  9600] loss: 1.673
[2,  9800] loss: 1.656
[2, 10000] loss: 1.706
[2, 10200] loss: 1.675
[2, 10400] loss: 1.680
[2, 10600] loss: 1.668
[2, 10800] loss: 1.669
[2, 11000] loss: 1.771
[2, 11200] loss: 1.741
[2, 11400] loss: 1.729
[2, 11600] loss: 1.719
[2, 11800] loss: 1.704
[2, 12000] loss: 1.735
[2, 12200] loss: 1.739
[2, 12400] loss: 1.718
[2, 12600] loss: 1.712
[2, 12800] loss: 1.701
[2, 13000] loss: 1.673
[2, 13200] loss: 1.663
[2, 13400] loss: 1.667
[2, 13600] loss: 1.650
[2, 13800] loss: 1.647
[2, 14000] loss: 1.671
[2, 14200] loss: 1.634
[2, 14400] loss: 1.644
[2, 14600] loss: 1.629
[2, 14800] loss: 1.619
[2, 15000] loss: 1.648
[2, 15200] loss: 1.630
[2, 15400] loss: 1.632
[2, 15600] loss: 1.654
[2, 15800] loss: 1.630
[2, 16000] loss: 1.645
[2, 16200] loss: 1.621
[2, 16400] loss: 1.633
[2, 16600] loss: 1.615
[2, 16800] loss: 1.629
[2, 17000] loss: 1.640
[2, 17200] loss: 1.650
[2, 17400] loss: 1.625
[2, 17600] loss: 1.647
[2, 17800] loss: 1.643
[2, 18000] loss: 1.629
[2, 18200] loss: 1.650
[2, 18400] loss: 1.643
[2, 18600] loss: 1.604
[3,   200] loss: 1.613
[3,   400] loss: 1.585
[3,   600] loss: 1.609
[3,   800] loss: 1.600
[3,  1000] loss: 1.585
[3,  1200] loss: 1.638
[3,  1400] loss: 1.623
[3,  1600] loss: 1.581
[3,  1800] loss: 1.655
[3,  2000] loss: 1.608
[3,  2200] loss: 1.651
[3,  2400] loss: 1.628
[3,  2600] loss: 1.622
[3,  2800] loss: 1.628
[3,  3000] loss: 1.637
[3,  3200] loss: 1.636
[3,  3400] loss: 1.648
[3,  3600] loss: 1.651
[3,  3800] loss: 1.634
[3,  4000] loss: 1.633
[3,  4200] loss: 1.618
[3,  4400] loss: 1.637
[3,  4600] loss: 1.609
[3,  4800] loss: 1.660
[3,  5000] loss: 1.662
[3,  5200] loss: 1.635
[3,  5400] loss: 1.626
[3,  5600] loss: 1.637
[3,  5800] loss: 1.624
[3,  6000] loss: 1.616
[3,  6200] loss: 1.624
[3,  6400] loss: 1.624
[3,  6600] loss: 1.607
[3,  6800] loss: 1.575
[3,  7000] loss: 1.593
[3,  7200] loss: 1.611
[3,  7400] loss: 1.599
[3,  7600] loss: 1.614
[3,  7800] loss: 1.584
[3,  8000] loss: 1.601
[3,  8200] loss: 1.595
[3,  8400] loss: 1.600
[3,  8600] loss: 1.583
[3,  8800] loss: 1.619
[3,  9000] loss: 1.564
[3,  9200] loss: 1.595
[3,  9400] loss: 1.608
[3,  9600] loss: 1.590
[3,  9800] loss: 1.576
[3, 10000] loss: 1.579
[3, 10200] loss: 1.592
[3, 10400] loss: 1.559
[3, 10600] loss: 1.599
[3, 10800] loss: 1.577
[3, 11000] loss: 1.555
[3, 11200] loss: 1.588
[3, 11400] loss: 1.556
[3, 11600] loss: 1.584
[3, 11800] loss: 1.560
[3, 12000] loss: 1.573
[3, 12200] loss: 1.538
[3, 12400] loss: 1.549
[3, 12600] loss: 1.585
[3, 12800] loss: 1.576
[3, 13000] loss: 1.578
[3, 13200] loss: 1.578
[3, 13400] loss: 1.557
[3, 13600] loss: 1.568
[3, 13800] loss: 1.566
[3, 14000] loss: 1.563
[3, 14200] loss: 1.562
[3, 14400] loss: 1.575
[3, 14600] loss: 1.566
[3, 14800] loss: 1.584
[3, 15000] loss: 1.573
[3, 15200] loss: 1.566
[3, 15400] loss: 1.595
[3, 15600] loss: 1.550
[3, 15800] loss: 1.561
[3, 16000] loss: 1.566
[3, 16200] loss: 1.552
[3, 16400] loss: 1.554
[3, 16600] loss: 1.540
[3, 16800] loss: 1.592
[3, 17000] loss: 1.581
[3, 17200] loss: 1.555
[3, 17400] loss: 1.556
[3, 17600] loss: 1.564
[3, 17800] loss: 1.573
[3, 18000] loss: 1.579
[3, 18200] loss: 1.525
[3, 18400] loss: 1.577
[3, 18600] loss: 1.575
[4,   200] loss: 1.596
[4,   400] loss: 1.578
[4,   600] loss: 1.569
[4,   800] loss: 1.559
[4,  1000] loss: 1.574
[4,  1200] loss: 1.566
[4,  1400] loss: 1.563
[4,  1600] loss: 1.570
[4,  1800] loss: 1.546
[4,  2000] loss: 1.547
[4,  2200] loss: 1.581
[4,  2400] loss: 1.570
[4,  2600] loss: 1.562
[4,  2800] loss: 1.583
[4,  3000] loss: 1.585
[4,  3200] loss: 1.566
[4,  3400] loss: 1.555
[4,  3600] loss: 1.565
[4,  3800] loss: 1.569
[4,  4000] loss: 1.580
[4,  4200] loss: 1.587
[4,  4400] loss: 1.566
[4,  4600] loss: 1.574
[4,  4800] loss: 1.567
[4,  5000] loss: 1.540
[4,  5200] loss: 1.562
[4,  5400] loss: 1.555
[4,  5600] loss: 1.549
[4,  5800] loss: 1.578
[4,  6000] loss: 1.564
[4,  6200] loss: 1.538
[4,  6400] loss: 1.552
[4,  6600] loss: 1.563
[4,  6800] loss: 1.545
[4,  7000] loss: 1.530
[4,  7200] loss: 1.548
[4,  7400] loss: 1.512
[4,  7600] loss: 1.526
[4,  7800] loss: 1.542
[4,  8000] loss: 1.531
[4,  8200] loss: 1.547
[4,  8400] loss: 1.546
[4,  8600] loss: 1.527
[4,  8800] loss: 1.520
[4,  9000] loss: 1.521
[4,  9200] loss: 1.539
[4,  9400] loss: 1.554
[4,  9600] loss: 1.535
[4,  9800] loss: 1.531
[4, 10000] loss: 1.541
[4, 10200] loss: 1.535
[4, 10400] loss: 1.540
[4, 10600] loss: 1.558
[4, 10800] loss: 1.559
[4, 11000] loss: 1.558
[4, 11200] loss: 1.557
[4, 11400] loss: 1.544
[4, 11600] loss: 1.540
[4, 11800] loss: 1.519
[4, 12000] loss: 1.540
[4, 12200] loss: 1.533
[4, 12400] loss: 1.535
[4, 12600] loss: 1.528
[4, 12800] loss: 1.547
[4, 13000] loss: 1.542
[4, 13200] loss: 1.551
[4, 13400] loss: 1.497
[4, 13600] loss: 1.551
[4, 13800] loss: 1.529
[4, 14000] loss: 1.516
[4, 14200] loss: 1.519
[4, 14400] loss: 1.514
[4, 14600] loss: 1.507
[4, 14800] loss: 1.515
[4, 15000] loss: 1.500
[4, 15200] loss: 1.540
[4, 15400] loss: 1.542
[4, 15600] loss: 1.530
[4, 15800] loss: 1.525
[4, 16000] loss: 1.551
[4, 16200] loss: 1.523
[4, 16400] loss: 1.539
[4, 16600] loss: 1.544
[4, 16800] loss: 1.558
[4, 17000] loss: 1.555
[4, 17200] loss: 1.526
[4, 17400] loss: 1.511
[4, 17600] loss: 1.536
[4, 17800] loss: 1.529
[4, 18000] loss: 1.517
[4, 18200] loss: 1.511
[4, 18400] loss: 1.527
[4, 18600] loss: 1.518
[5,   200] loss: 1.494
[5,   400] loss: 1.505
[5,   600] loss: 1.515
[5,   800] loss: 1.505
[5,  1000] loss: 1.491
[5,  1200] loss: 1.503
[5,  1400] loss: 1.487
[5,  1600] loss: 1.520
[5,  1800] loss: 1.517
[5,  2000] loss: 1.492
[5,  2200] loss: 1.535
[5,  2400] loss: 1.518
[5,  2600] loss: 1.509
[5,  2800] loss: 1.506
[5,  3000] loss: 1.523
[5,  3200] loss: 1.520
[5,  3400] loss: 1.512
[5,  3600] loss: 1.550
[5,  3800] loss: 1.513
[5,  4000] loss: 1.522
[5,  4200] loss: 1.539
[5,  4400] loss: 1.531
[5,  4600] loss: 1.515
[5,  4800] loss: 1.513
[5,  5000] loss: 1.512
[5,  5200] loss: 1.486
[5,  5400] loss: 1.481
[5,  5600] loss: 1.477
[5,  5800] loss: 1.509
[5,  6000] loss: 1.491
[5,  6200] loss: 1.499
[5,  6400] loss: 1.496
[5,  6600] loss: 1.480
[5,  6800] loss: 1.516
[5,  7000] loss: 1.511
[5,  7200] loss: 1.510
[5,  7400] loss: 1.485
[5,  7600] loss: 1.479
[5,  7800] loss: 1.510
[5,  8000] loss: 1.479
[5,  8200] loss: 1.459
[5,  8400] loss: 1.476
[5,  8600] loss: 1.512
[5,  8800] loss: 1.506
[5,  9000] loss: 1.527
[5,  9200] loss: 1.514
[5,  9400] loss: 1.502
[5,  9600] loss: 1.543
[5,  9800] loss: 1.515
[5, 10000] loss: 1.507
[5, 10200] loss: 1.558
[5, 10400] loss: 1.530
[5, 10600] loss: 1.585
[5, 10800] loss: 1.558
[5, 11000] loss: 1.528
[5, 11200] loss: 1.542
[5, 11400] loss: 1.538
[5, 11600] loss: 1.518
[5, 11800] loss: 1.515
[5, 12000] loss: 1.526
[5, 12200] loss: 1.516
[5, 12400] loss: 1.510
[5, 12600] loss: 1.530
[5, 12800] loss: 1.516
[5, 13000] loss: 1.495
[5, 13200] loss: 1.514
[5, 13400] loss: 1.520
[5, 13600] loss: 1.504
[5, 13800] loss: 1.520
[5, 14000] loss: 1.511
[5, 14200] loss: 1.576
[5, 14400] loss: 1.526
[5, 14600] loss: 1.514
[5, 14800] loss: 1.516
[5, 15000] loss: 1.519
[5, 15200] loss: 1.495
[5, 15400] loss: 1.510
[5, 15600] loss: 1.522
[5, 15800] loss: 1.532
[5, 16000] loss: 1.505
[5, 16200] loss: 1.496
[5, 16400] loss: 1.536
[5, 16600] loss: 1.526
[5, 16800] loss: 1.514
[5, 17000] loss: 1.516
[5, 17200] loss: 1.492
[5, 17400] loss: 1.487
[5, 17600] loss: 1.503
[5, 17800] loss: 1.490
[5, 18000] loss: 1.495
[5, 18200] loss: 1.522
[5, 18400] loss: 1.495
[5, 18600] loss: 1.521