[1,   200] loss: 2.214
[1,   400] loss: 2.175
[1,   600] loss: 2.129
[1,   800] loss: 2.110
[1,  1000] loss: 2.055
[1,  1200] loss: 2.122
[1,  1400] loss: 2.125
[1,  1600] loss: 2.077
[1,  1800] loss: 2.071
[1,  2000] loss: 2.140
[1,  2200] loss: 2.091
[1,  2400] loss: 2.070
[1,  2600] loss: 2.056
[1,  2800] loss: 2.066
[1,  3000] loss: 2.017
[1,  3200] loss: 2.002
[1,  3400] loss: 1.993
[1,  3600] loss: 1.986
[1,  3800] loss: 1.960
[1,  4000] loss: 1.958
[1,  4200] loss: 1.940
[1,  4400] loss: 1.917
[1,  4600] loss: 1.931
[1,  4800] loss: 1.874
[1,  5000] loss: 1.865
[1,  5200] loss: 1.826
[1,  5400] loss: 1.833
[1,  5600] loss: 1.862
[1,  5800] loss: 1.849
[1,  6000] loss: 1.848
[1,  6200] loss: 1.841
[1,  6400] loss: 1.841
[1,  6600] loss: 1.787
[1,  6800] loss: 1.767
[1,  7000] loss: 1.796
[1,  7200] loss: 1.795
[1,  7400] loss: 1.772
[1,  7600] loss: 1.764
[1,  7800] loss: 1.801
[1,  8000] loss: 1.798
[1,  8200] loss: 1.776
[1,  8400] loss: 1.796
[1,  8600] loss: 1.773
[1,  8800] loss: 1.878
[1,  9000] loss: 1.787
[1,  9200] loss: 1.755
[1,  9400] loss: 1.847
[1,  9600] loss: 1.822
[1,  9800] loss: 1.788
[1, 10000] loss: 1.777
[1, 10200] loss: 1.761
[1, 10400] loss: 1.785
[1, 10600] loss: 1.771
[1, 10800] loss: 1.728
[1, 11000] loss: 1.722
[1, 11200] loss: 1.711
[1, 11400] loss: 1.725
[1, 11600] loss: 1.740
[1, 11800] loss: 1.705
[1, 12000] loss: 1.742
[1, 12200] loss: 1.778
[1, 12400] loss: 1.813
[1, 12600] loss: 1.761
[1, 12800] loss: 1.832
[1, 13000] loss: 1.877
[1, 13200] loss: 1.857
[1, 13400] loss: 1.795
[1, 13600] loss: 1.775
[1, 13800] loss: 1.761
[1, 14000] loss: 1.753
[1, 14200] loss: 1.774
[1, 14400] loss: 1.791
[1, 14600] loss: 1.785
[1, 14800] loss: 1.763
[1, 15000] loss: 1.745
[1, 15200] loss: 1.725
[1, 15400] loss: 1.720
[1, 15600] loss: 1.722
[1, 15800] loss: 1.713
[1, 16000] loss: 1.717
[1, 16200] loss: 1.687
[1, 16400] loss: 1.684
[1, 16600] loss: 1.678
[1, 16800] loss: 1.640
[1, 17000] loss: 1.630
[1, 17200] loss: 1.614
[1, 17400] loss: 1.677
[1, 17600] loss: 1.678
[1, 17800] loss: 1.654
[1, 18000] loss: 1.661
[1, 18200] loss: 1.654
[1, 18400] loss: 1.630
[1, 18600] loss: 1.659
[2,   200] loss: 1.661
[2,   400] loss: 1.616
[2,   600] loss: 1.639
[2,   800] loss: 1.676
[2,  1000] loss: 1.638
[2,  1200] loss: 1.612
[2,  1400] loss: 1.658
[2,  1600] loss: 1.618
[2,  1800] loss: 1.661
[2,  2000] loss: 1.612
[2,  2200] loss: 1.633
[2,  2400] loss: 1.636
[2,  2600] loss: 1.591
[2,  2800] loss: 1.632
[2,  3000] loss: 1.599
[2,  3200] loss: 1.609
[2,  3400] loss: 1.600
[2,  3600] loss: 1.600
[2,  3800] loss: 1.575
[2,  4000] loss: 1.563
[2,  4200] loss: 1.601
[2,  4400] loss: 1.556
[2,  4600] loss: 1.578
[2,  4800] loss: 1.582
[2,  5000] loss: 1.557
[2,  5200] loss: 1.581
[2,  5400] loss: 1.572
[2,  5600] loss: 1.549
[2,  5800] loss: 1.554
[2,  6000] loss: 1.549
[2,  6200] loss: 1.553
[2,  6400] loss: 1.554
[2,  6600] loss: 1.548
[2,  6800] loss: 1.562
[2,  7000] loss: 1.558
[2,  7200] loss: 1.570
[2,  7400] loss: 1.557
[2,  7600] loss: 1.564
[2,  7800] loss: 1.569
[2,  8000] loss: 1.583
[2,  8200] loss: 1.557
[2,  8400] loss: 1.564
[2,  8600] loss: 1.578
[2,  8800] loss: 1.561
[2,  9000] loss: 1.564
[2,  9200] loss: 1.538
[2,  9400] loss: 1.579
[2,  9600] loss: 1.543
[2,  9800] loss: 1.535
[2, 10000] loss: 1.552
[2, 10200] loss: 1.541
[2, 10400] loss: 1.547
[2, 10600] loss: 1.551
[2, 10800] loss: 1.514
[2, 11000] loss: 1.558
[2, 11200] loss: 1.549
[2, 11400] loss: 1.545
[2, 11600] loss: 1.533
[2, 11800] loss: 1.501
[2, 12000] loss: 1.553
[2, 12200] loss: 1.552
[2, 12400] loss: 1.518
[2, 12600] loss: 1.530
[2, 12800] loss: 1.525
[2, 13000] loss: 1.497
[2, 13200] loss: 1.542
[2, 13400] loss: 1.524
[2, 13600] loss: 1.537
[2, 13800] loss: 1.536
[2, 14000] loss: 1.516
[2, 14200] loss: 1.538
[2, 14400] loss: 1.522
[2, 14600] loss: 1.554
[2, 14800] loss: 1.574
[2, 15000] loss: 1.541
[2, 15200] loss: 1.549
[2, 15400] loss: 1.540
[2, 15600] loss: 1.553
[2, 15800] loss: 1.541
[2, 16000] loss: 1.564
[2, 16200] loss: 1.544
[2, 16400] loss: 1.513
[2, 16600] loss: 1.517
[2, 16800] loss: 1.546
[2, 17000] loss: 1.505
[2, 17200] loss: 1.513
[2, 17400] loss: 1.525
[2, 17600] loss: 1.510
[2, 17800] loss: 1.509
[2, 18000] loss: 1.529
[2, 18200] loss: 1.489
[2, 18400] loss: 1.483
[2, 18600] loss: 1.491
[3,   200] loss: 1.525
[3,   400] loss: 1.486
[3,   600] loss: 1.522
[3,   800] loss: 1.543
[3,  1000] loss: 1.524
[3,  1200] loss: 1.527
[3,  1400] loss: 1.526
[3,  1600] loss: 1.561
[3,  1800] loss: 1.510
[3,  2000] loss: 1.512
[3,  2200] loss: 1.502
[3,  2400] loss: 1.481
[3,  2600] loss: 1.519
[3,  2800] loss: 1.510
[3,  3000] loss: 1.499
[3,  3200] loss: 1.506
[3,  3400] loss: 1.502
[3,  3600] loss: 1.497
[3,  3800] loss: 1.508
[3,  4000] loss: 1.529
[3,  4200] loss: 1.534
[3,  4400] loss: 1.520
[3,  4600] loss: 1.515
[3,  4800] loss: 1.508
[3,  5000] loss: 1.519
[3,  5200] loss: 1.475
[3,  5400] loss: 1.509
[3,  5600] loss: 1.524
[3,  5800] loss: 1.521
[3,  6000] loss: 1.500
[3,  6200] loss: 1.542
[3,  6400] loss: 1.479
[3,  6600] loss: 1.470
[3,  6800] loss: 1.503
[3,  7000] loss: 1.467
[3,  7200] loss: 1.488
[3,  7400] loss: 1.484
[3,  7600] loss: 1.487
[3,  7800] loss: 1.506
[3,  8000] loss: 1.525
[3,  8200] loss: 1.486
[3,  8400] loss: 1.510
[3,  8600] loss: 1.504
[3,  8800] loss: 1.476
[3,  9000] loss: 1.472
[3,  9200] loss: 1.480
[3,  9400] loss: 1.488
[3,  9600] loss: 1.488
[3,  9800] loss: 1.487
[3, 10000] loss: 1.480
[3, 10200] loss: 1.464
[3, 10400] loss: 1.469
[3, 10600] loss: 1.500
[3, 10800] loss: 1.510
[3, 11000] loss: 1.479
[3, 11200] loss: 1.470
[3, 11400] loss: 1.481
[3, 11600] loss: 1.521
[3, 11800] loss: 1.496
[3, 12000] loss: 1.498
[3, 12200] loss: 1.503
[3, 12400] loss: 1.485
[3, 12600] loss: 1.480
[3, 12800] loss: 1.481
[3, 13000] loss: 1.468
[3, 13200] loss: 1.476
[3, 13400] loss: 1.467
[3, 13600] loss: 1.474
[3, 13800] loss: 1.487
[3, 14000] loss: 1.489
[3, 14200] loss: 1.469
[3, 14400] loss: 1.479
[3, 14600] loss: 1.478
[3, 14800] loss: 1.507
[3, 15000] loss: 1.502
[3, 15200] loss: 1.463
[3, 15400] loss: 1.483
[3, 15600] loss: 1.470
[3, 15800] loss: 1.494
[3, 16000] loss: 1.472
[3, 16200] loss: 1.451
[3, 16400] loss: 1.480
[3, 16600] loss: 1.498
[3, 16800] loss: 1.505
[3, 17000] loss: 1.500
[3, 17200] loss: 1.487
[3, 17400] loss: 1.472
[3, 17600] loss: 1.493
[3, 17800] loss: 1.453
[3, 18000] loss: 1.445
[3, 18200] loss: 1.458
[3, 18400] loss: 1.478
[3, 18600] loss: 1.463
[4,   200] loss: 1.441
[4,   400] loss: 1.433
[4,   600] loss: 1.415
[4,   800] loss: 1.441
[4,  1000] loss: 1.457
[4,  1200] loss: 1.446