[1,   200] loss: 2.209
[1,   400] loss: 2.160
[1,   600] loss: 2.117
[1,   800] loss: 2.086
[1,  1000] loss: 2.087
[1,  1200] loss: 2.015
[1,  1400] loss: 2.016
[1,  1600] loss: 1.991
[1,  1800] loss: 2.111
[1,  2000] loss: 2.039
[1,  2200] loss: 2.058
[1,  2400] loss: 2.053
[1,  2600] loss: 1.995
[1,  2800] loss: 1.996
[1,  3000] loss: 1.925
[1,  3200] loss: 1.927
[1,  3400] loss: 1.861
[1,  3600] loss: 1.861
[1,  3800] loss: 1.841
[1,  4000] loss: 1.806
[1,  4200] loss: 1.819
[1,  4400] loss: 1.824
[1,  4600] loss: 1.817
[1,  4800] loss: 1.803
[1,  5000] loss: 1.785
[1,  5200] loss: 1.740
[1,  5400] loss: 1.758
[1,  5600] loss: 1.742
[1,  5800] loss: 1.757
[1,  6000] loss: 1.739
[1,  6200] loss: 1.735
[1,  6400] loss: 1.689
[1,  6600] loss: 1.703
[1,  6800] loss: 1.699
[1,  7000] loss: 1.732
[1,  7200] loss: 1.690
[1,  7400] loss: 1.679
[1,  7600] loss: 1.687
[1,  7800] loss: 1.696
[1,  8000] loss: 1.654
[1,  8200] loss: 1.690
[1,  8400] loss: 1.683
[1,  8600] loss: 1.689
[1,  8800] loss: 1.681
[1,  9000] loss: 1.670
[1,  9200] loss: 1.686
[1,  9400] loss: 1.686
[1,  9600] loss: 1.670
[1,  9800] loss: 1.675
[1, 10000] loss: 1.679
[1, 10200] loss: 1.662
[1, 10400] loss: 1.677
[1, 10600] loss: 1.648
[1, 10800] loss: 1.651
[1, 11000] loss: 1.647
[1, 11200] loss: 1.672
[1, 11400] loss: 1.639
[1, 11600] loss: 1.633
[1, 11800] loss: 1.616
[1, 12000] loss: 1.619
[1, 12200] loss: 1.656
[1, 12400] loss: 1.597
[1, 12600] loss: 1.636
[1, 12800] loss: 1.617
[1, 13000] loss: 1.597
[1, 13200] loss: 1.604
[1, 13400] loss: 1.587
[1, 13600] loss: 1.600
[1, 13800] loss: 1.577
[1, 14000] loss: 1.597
[1, 14200] loss: 1.592
[1, 14400] loss: 1.588
[1, 14600] loss: 1.576
[1, 14800] loss: 1.579
[1, 15000] loss: 1.601
[1, 15200] loss: 1.590
[1, 15400] loss: 1.593
[1, 15600] loss: 1.559
[1, 15800] loss: 1.572
[1, 16000] loss: 1.574
[1, 16200] loss: 1.575
[1, 16400] loss: 1.604
[1, 16600] loss: 1.584
[1, 16800] loss: 1.565
[1, 17000] loss: 1.601
[1, 17200] loss: 1.683
[1, 17400] loss: 1.701
[1, 17600] loss: 1.649
[1, 17800] loss: 1.631
[1, 18000] loss: 1.619
[1, 18200] loss: 1.584
[1, 18400] loss: 1.636
[1, 18600] loss: 1.607
[2,   200] loss: 1.615
[2,   400] loss: 1.602
[2,   600] loss: 1.588
[2,   800] loss: 1.598
[2,  1000] loss: 1.575
[2,  1200] loss: 1.594
[2,  1400] loss: 1.594
[2,  1600] loss: 1.605
[2,  1800] loss: 1.600
[2,  2000] loss: 1.547
[2,  2200] loss: 1.586
[2,  2400] loss: 1.586
[2,  2600] loss: 1.598
[2,  2800] loss: 1.595
[2,  3000] loss: 1.571
[2,  3200] loss: 1.554
[2,  3400] loss: 1.564
[2,  3600] loss: 1.534
[2,  3800] loss: 1.524
[2,  4000] loss: 1.523
[2,  4200] loss: 1.536
[2,  4400] loss: 1.522
[2,  4600] loss: 1.564
[2,  4800] loss: 1.559
[2,  5000] loss: 1.562
[2,  5200] loss: 1.545
[2,  5400] loss: 1.500
[2,  5600] loss: 1.491
[2,  5800] loss: 1.530
[2,  6000] loss: 1.537
[2,  6200] loss: 1.508
[2,  6400] loss: 1.508
[2,  6600] loss: 1.524
[2,  6800] loss: 1.517
[2,  7000] loss: 1.519
[2,  7200] loss: 1.490
[2,  7400] loss: 1.505
[2,  7600] loss: 1.510
[2,  7800] loss: 1.485
[2,  8000] loss: 1.519
[2,  8200] loss: 1.485
[2,  8400] loss: 1.489
[2,  8600] loss: 1.506
[2,  8800] loss: 1.465
[2,  9000] loss: 1.478
[2,  9200] loss: 1.493
[2,  9400] loss: 1.495
[2,  9600] loss: 1.461
[2,  9800] loss: 1.473
[2, 10000] loss: 1.463
[2, 10200] loss: 1.475
[2, 10400] loss: 1.471
[2, 10600] loss: 1.470
[2, 10800] loss: 1.482
[2, 11000] loss: 1.496
[2, 11200] loss: 1.465
[2, 11400] loss: 1.502
[2, 11600] loss: 1.473
[2, 11800] loss: 1.462
[2, 12000] loss: 1.451
[2, 12200] loss: 1.478
[2, 12400] loss: 1.518
[2, 12600] loss: 1.482
[2, 12800] loss: 1.463
[2, 13000] loss: 1.446
[2, 13200] loss: 1.494
[2, 13400] loss: 1.456
[2, 13600] loss: 1.485
[2, 13800] loss: 1.467
[2, 14000] loss: 1.492
[2, 14200] loss: 1.487
[2, 14400] loss: 1.476
[2, 14600] loss: 1.483
[2, 14800] loss: 1.465
[2, 15000] loss: 1.491
[2, 15200] loss: 1.466
[2, 15400] loss: 1.487
[2, 15600] loss: 1.480
[2, 15800] loss: 1.483
[2, 16000] loss: 1.452
[2, 16200] loss: 1.456
[2, 16400] loss: 1.483
[2, 16600] loss: 1.486
[2, 16800] loss: 1.436
[2, 17000] loss: 1.454
[2, 17200] loss: 1.455
[2, 17400] loss: 1.457
[2, 17600] loss: 1.470
[2, 17800] loss: 1.496
[2, 18000] loss: 1.458
[2, 18200] loss: 1.479
[2, 18400] loss: 1.479
[2, 18600] loss: 1.486
[3,   200] loss: 1.454
[3,   400] loss: 1.477
[3,   600] loss: 1.442
[3,   800] loss: 1.501
[3,  1000] loss: 1.488
[3,  1200] loss: 1.495
[3,  1400] loss: 1.467
[3,  1600] loss: 1.431
[3,  1800] loss: 1.457
[3,  2000] loss: 1.468
[3,  2200] loss: 1.480
[3,  2400] loss: 1.456
[3,  2600] loss: 1.470
[3,  2800] loss: 1.490
[3,  3000] loss: 1.520
[3,  3200] loss: 1.481
[3,  3400] loss: 1.449
[3,  3600] loss: 1.465
[3,  3800] loss: 1.483
[3,  4000] loss: 1.477
[3,  4200] loss: 1.467
[3,  4400] loss: 1.452
[3,  4600] loss: 1.452
[3,  4800] loss: 1.455
[3,  5000] loss: 1.449
[3,  5200] loss: 1.471
[3,  5400] loss: 1.458