[1,   200] loss: 2.207
[1,   400] loss: 2.161
[1,   600] loss: 2.107
[1,   800] loss: 2.039
[1,  1000] loss: 2.096
[1,  1200] loss: 2.064
[1,  1400] loss: 2.083
[1,  1600] loss: 2.078
[1,  1800] loss: 2.010
[1,  2000] loss: 2.001
[1,  2200] loss: 1.964
[1,  2400] loss: 1.940
[1,  2600] loss: 1.947
[1,  2800] loss: 1.939
[1,  3000] loss: 1.888
[1,  3200] loss: 1.886
[1,  3400] loss: 1.853
[1,  3600] loss: 1.848
[1,  3800] loss: 1.824
[1,  4000] loss: 1.855
[1,  4200] loss: 1.807
[1,  4400] loss: 1.801
[1,  4600] loss: 1.821
[1,  4800] loss: 1.809
[1,  5000] loss: 1.786
[1,  5200] loss: 1.757
[1,  5400] loss: 1.761
[1,  5600] loss: 1.779
[1,  5800] loss: 1.755
[1,  6000] loss: 1.704
[1,  6200] loss: 1.754
[1,  6400] loss: 1.747
[1,  6600] loss: 1.701
[1,  6800] loss: 1.727
[1,  7000] loss: 1.709
[1,  7200] loss: 1.731
[1,  7400] loss: 1.688
[1,  7600] loss: 1.708
[1,  7800] loss: 1.698
[1,  8000] loss: 1.706
[1,  8200] loss: 1.720
[1,  8400] loss: 1.686
[1,  8600] loss: 1.724
[1,  8800] loss: 1.677
[1,  9000] loss: 1.687
[1,  9200] loss: 1.694
[1,  9400] loss: 1.677
[1,  9600] loss: 1.679
[1,  9800] loss: 1.678
[1, 10000] loss: 1.669
[1, 10200] loss: 1.646
[1, 10400] loss: 1.647
[1, 10600] loss: 1.665
[1, 10800] loss: 1.611
[1, 11000] loss: 1.653
[1, 11200] loss: 1.699
[1, 11400] loss: 1.710
[1, 11600] loss: 1.689
[1, 11800] loss: 1.678
[1, 12000] loss: 1.665
[1, 12200] loss: 1.660
[1, 12400] loss: 1.620
[1, 12600] loss: 1.661
[1, 12800] loss: 1.663
[1, 13000] loss: 1.639
[1, 13200] loss: 1.649
[1, 13400] loss: 1.635
[1, 13600] loss: 1.646
[1, 13800] loss: 1.665
[1, 14000] loss: 1.600
[1, 14200] loss: 1.638
[1, 14400] loss: 1.611
[1, 14600] loss: 1.613
[1, 14800] loss: 1.593
[1, 15000] loss: 1.647
[1, 15200] loss: 1.583
[1, 15400] loss: 1.604
[1, 15600] loss: 1.639
[1, 15800] loss: 1.610
[1, 16000] loss: 1.623
[1, 16200] loss: 1.634
[1, 16400] loss: 1.620
[1, 16600] loss: 1.595
[1, 16800] loss: 1.594
[1, 17000] loss: 1.587
[1, 17200] loss: 1.561
[1, 17400] loss: 1.584
[1, 17600] loss: 1.591
[1, 17800] loss: 1.574
[1, 18000] loss: 1.576
[1, 18200] loss: 1.575
[1, 18400] loss: 1.563
[1, 18600] loss: 1.543
[2,   200] loss: 1.568
[2,   400] loss: 1.581
[2,   600] loss: 1.594
[2,   800] loss: 1.556
[2,  1000] loss: 1.597
[2,  1200] loss: 1.588
[2,  1400] loss: 1.551
[2,  1600] loss: 1.560
[2,  1800] loss: 1.564
[2,  2000] loss: 1.567
[2,  2200] loss: 1.582
[2,  2400] loss: 1.553
[2,  2600] loss: 1.591
[2,  2800] loss: 1.570
[2,  3000] loss: 1.544
[2,  3200] loss: 1.545
[2,  3400] loss: 1.553
[2,  3600] loss: 1.551
[2,  3800] loss: 1.530
[2,  4000] loss: 1.494
[2,  4200] loss: 1.529
[2,  4400] loss: 1.539
[2,  4600] loss: 1.540
[2,  4800] loss: 1.529
[2,  5000] loss: 1.525
[2,  5200] loss: 1.534
[2,  5400] loss: 1.536
[2,  5600] loss: 1.550
[2,  5800] loss: 1.549
[2,  6000] loss: 1.542
[2,  6200] loss: 1.570
[2,  6400] loss: 1.560
[2,  6600] loss: 1.518
[2,  6800] loss: 1.513
[2,  7000] loss: 1.538
[2,  7200] loss: 1.563
[2,  7400] loss: 1.533
[2,  7600] loss: 1.543
[2,  7800] loss: 1.540
[2,  8000] loss: 1.542
[2,  8200] loss: 1.532
[2,  8400] loss: 1.495
[2,  8600] loss: 1.506
[2,  8800] loss: 1.514
[2,  9000] loss: 1.502
[2,  9200] loss: 1.512
[2,  9400] loss: 1.508
[2,  9600] loss: 1.497
[2,  9800] loss: 1.495
[2, 10000] loss: 1.501
[2, 10200] loss: 1.534
[2, 10400] loss: 1.513
[2, 10600] loss: 1.513
[2, 10800] loss: 1.535
[2, 11000] loss: 1.507
[2, 11200] loss: 1.498
[2, 11400] loss: 1.551
[2, 11600] loss: 1.504
[2, 11800] loss: 1.520
[2, 12000] loss: 1.524
[2, 12200] loss: 1.480
[2, 12400] loss: 1.528
[2, 12600] loss: 1.496
[2, 12800] loss: 1.495
[2, 13000] loss: 1.508
[2, 13200] loss: 1.557
[2, 13400] loss: 1.502
[2, 13600] loss: 1.497
[2, 13800] loss: 1.511
[2, 14000] loss: 1.477
[2, 14200] loss: 1.489
[2, 14400] loss: 1.485
[2, 14600] loss: 1.485
[2, 14800] loss: 1.502
[2, 15000] loss: 1.474
[2, 15200] loss: 1.521
[2, 15400] loss: 1.499
[2, 15600] loss: 1.481
[2, 15800] loss: 1.494
[2, 16000] loss: 1.480
[2, 16200] loss: 1.492
[2, 16400] loss: 1.509
[2, 16600] loss: 1.468
[2, 16800] loss: 1.485
[2, 17000] loss: 1.459
[2, 17200] loss: 1.475
[2, 17400] loss: 1.494
[2, 17600] loss: 1.508
[2, 17800] loss: 1.503
[2, 18000] loss: 1.490
[2, 18200] loss: 1.520
[2, 18400] loss: 1.467
[2, 18600] loss: 1.452
[3,   200] loss: 1.436
[3,   400] loss: 1.452
[3,   600] loss: 1.450
[3,   800] loss: 1.460
[3,  1000] loss: 1.438
[3,  1200] loss: 1.484
[3,  1400] loss: 1.441
[3,  1600] loss: 1.470
[3,  1800] loss: 1.409
[3,  2000] loss: 1.437
[3,  2200] loss: 1.448
[3,  2400] loss: 1.445
[3,  2600] loss: 1.443
[3,  2800] loss: 1.436
[3,  3000] loss: 1.471
[3,  3200] loss: 1.451
[3,  3400] loss: 1.459
[3,  3600] loss: 1.492
[3,  3800] loss: 1.498
[3,  4000] loss: 1.482
[3,  4200] loss: 1.449
[3,  4400] loss: 1.455
[3,  4600] loss: 1.429
[3,  4800] loss: 1.473
[3,  5000] loss: 1.475
[3,  5200] loss: 1.434
[3,  5400] loss: 1.437
[3,  5600] loss: 1.458
[3,  5800] loss: 1.442
[3,  6000] loss: 1.450
[3,  6200] loss: 1.482
[3,  6400] loss: 1.526
[3,  6600] loss: 1.533
[3,  6800] loss: 1.512
[3,  7000] loss: 1.504
[3,  7200] loss: 1.482
[3,  7400] loss: 1.484
[3,  7600] loss: 1.499
[3,  7800] loss: 1.463
[3,  8000] loss: 1.453
[3,  8200] loss: 1.467
[3,  8400] loss: 1.475
[3,  8600] loss: 1.488
[3,  8800] loss: 1.497
[3,  9000] loss: 1.454
[3,  9200] loss: 1.469
[3,  9400] loss: 1.443
[3,  9600] loss: 1.438
[3,  9800] loss: 1.471
[3, 10000] loss: 1.443
[3, 10200] loss: 1.441
[3, 10400] loss: 1.434
[3, 10600] loss: 1.437
[3, 10800] loss: 1.443
[3, 11000] loss: 1.479
[3, 11200] loss: 1.455
[3, 11400] loss: 1.443
[3, 11600] loss: 1.408
[3, 11800] loss: 1.401
[3, 12000] loss: 1.412
[3, 12200] loss: 1.413
[3, 12400] loss: 1.439
[3, 12600] loss: 1.396
[3, 12800] loss: 1.439
[3, 13000] loss: 1.457
[3, 13200] loss: 1.449
[3, 13400] loss: 1.413
[3, 13600] loss: 1.435
[3, 13800] loss: 1.410
[3, 14000] loss: 1.462
[3, 14200] loss: 1.427
[3, 14400] loss: 1.447
[3, 14600] loss: 1.417
[3, 14800] loss: 1.425
[3, 15000] loss: 1.423
[3, 15200] loss: 1.437
[3, 15400] loss: 1.438
[3, 15600] loss: 1.452
[3, 15800] loss: 1.438
[3, 16000] loss: 1.435
[3, 16200] loss: 1.422
[3, 16400] loss: 1.422
[3, 16600] loss: 1.419
[3, 16800] loss: 1.404
[3, 17000] loss: 1.448
[3, 17200] loss: 1.415
[3, 17400] loss: 1.410
[3, 17600] loss: 1.448
[3, 17800] loss: 1.446
[3, 18000] loss: 1.445
[3, 18200] loss: 1.436
[3, 18400] loss: 1.423
[3, 18600] loss: 1.417
[4,   200] loss: 1.411
[4,   400] loss: 1.404
[4,   600] loss: 1.404
[4,   800] loss: 1.411
[4,  1000] loss: 1.382
[4,  1200] loss: 1.417
[4,  1400] loss: 1.387
[4,  1600] loss: 1.407
[4,  1800] loss: 1.416
[4,  2000] loss: 1.403
[4,  2200] loss: 1.389
[4,  2400] loss: 1.378
[4,  2600] loss: 1.404
[4,  2800] loss: 1.405
[4,  3000] loss: 1.446
[4,  3200] loss: 1.399
[4,  3400] loss: 1.412
[4,  3600] loss: 1.400
[4,  3800] loss: 1.410
[4,  4000] loss: 1.419
[4,  4200] loss: 1.395
[4,  4400] loss: 1.372
[4,  4600] loss: 1.436
[4,  4800] loss: 1.397
[4,  5000] loss: 1.395
[4,  5200] loss: 1.415
[4,  5400] loss: 1.419
[4,  5600] loss: 1.405
[4,  5800] loss: 1.398
[4,  6000] loss: 1.410
[4,  6200] loss: 1.381
[4,  6400] loss: 1.382
[4,  6600] loss: 1.362
[4,  6800] loss: 1.442
[4,  7000] loss: 1.412
[4,  7200] loss: 1.400
[4,  7400] loss: 1.386
[4,  7600] loss: 1.384
[4,  7800] loss: 1.433
[4,  8000] loss: 1.393
[4,  8200] loss: 1.398
[4,  8400] loss: 1.400
[4,  8600] loss: 1.422
[4,  8800] loss: 1.405
[4,  9000] loss: 1.381
[4,  9200] loss: 1.365
[4,  9400] loss: 1.391
[4,  9600] loss: 1.379
[4,  9800] loss: 1.387
[4, 10000] loss: 1.405
[4, 10200] loss: 1.390
[4, 10400] loss: 1.387
[4, 10600] loss: 1.403
[4, 10800] loss: 1.431
[4, 11000] loss: 1.356
[4, 11200] loss: 1.383
[4, 11400] loss: 1.386
[4, 11600] loss: 1.368
[4, 11800] loss: 1.402
[4, 12000] loss: 1.351
[4, 12200] loss: 1.383
[4, 12400] loss: 1.383
[4, 12600] loss: 1.397
[4, 12800] loss: 1.407
[4, 13000] loss: 1.373
[4, 13200] loss: 1.386
[4, 13400] loss: 1.378
[4, 13600] loss: 1.394
[4, 13800] loss: 1.387
[4, 14000] loss: 1.375
[4, 14200] loss: 1.392
[4, 14400] loss: 1.344
[4, 14600] loss: 1.406
[4, 14800] loss: 1.397
[4, 15000] loss: 1.376